50 125
0 20
0 32
0 33
0 43
1 13
1 18
1 23
1 31
1 45
1 48
2 14
2 44
2 48
3 14
3 36
4 15
4 29
4 37
4 46
5 13
5 15
5 16
5 23
5 32
5 36
5 40
6 15
6 19
6 22
6 29
6 32
6 42
6 45
7 8
7 11
8 16
8 18
9 13
9 35
9 41
9 42
10 35
10 41
10 42
11 15
11 16
11 25
11 29
11 32
11 49
12 33
12 42
12 45
12 48
13 16
13 30
13 37
13 45
13 47
14 45
14 46
14 49
15 35
15 38
16 20
16 44
16 45
16 47
16 48
17 22
17 40
18 21
18 30
18 37
18 44
19 27
19 29
19 37
19 46
20 31
20 32
20 45
21 24
21 32
21 38
22 24
22 25
22 29
22 48
23 36
23 44
24 34
25 35
25 41
25 47
25 49
26 30
26 34
26 39
27 38
27 41
28 30
28 33
29 32
30 36
30 41
30 46
31 38
31 41
31 44
31 45
33 45
35 38
35 42
36 46
36 47
37 44
38 46
38 47
39 40
41 46
43 47
44 45
45 46
46 49
