50 125
0 2
0 28
1 4
1 8
1 24
1 30
1 32
1 39
1 49
2 5
2 9
2 14
2 21
2 23
3 42
3 47
4 6
4 18
4 28
4 44
5 19
5 31
5 34
5 42
6 22
6 34
6 40
6 49
7 11
7 18
7 21
8 23
8 29
8 31
8 34
8 45
9 27
9 41
9 42
9 48
10 14
10 16
10 18
10 20
10 31
10 40
11 21
11 42
11 48
12 14
12 25
12 27
12 29
12 34
12 41
12 42
12 49
13 18
13 22
13 31
13 33
13 44
13 48
14 23
14 32
14 42
14 46
15 16
15 32
16 18
16 31
16 47
17 23
17 32
17 47
18 21
18 28
18 45
19 28
20 39
20 42
21 26
21 27
21 43
22 28
22 36
22 42
22 44
22 45
22 46
24 30
24 39
24 40
24 47
25 29
25 39
25 43
26 29
26 33
27 34
27 40
28 37
28 46
29 38
29 47
30 38
30 41
30 45
30 46
30 47
31 38
31 48
32 34
32 35
32 39
33 37
33 42
34 41
36 44
36 48
37 38
38 39
38 47
39 42
40 48
