1000 2500
0 465
0 471
0 718
0 775
1 4
1 220
1 252
1 335
1 389
1 604
1 636
1 647
1 758
1 991
2 70
2 133
2 397
2 488
2 593
2 956
3 113
3 122
3 172
3 301
3 423
3 798
3 884
4 728
4 861
4 969
5 45
5 286
5 494
6 173
6 200
6 336
6 536
6 746
7 168
7 212
7 217
7 412
7 504
7 599
8 863
8 974
9 200
9 301
10 381
10 559
10 631
10 922
10 947
10 991
11 368
11 514
12 272
12 388
12 413
12 420
12 780
13 110
13 146
13 277
13 288
13 809
13 829
13 850
13 976
14 749
14 856
14 946
15 405
15 410
15 782
15 941
15 998
16 318
16 615
16 736
16 833
17 123
17 124
17 442
17 562
17 587
17 686
17 960
18 136
18 273
18 552
18 672
19 105
19 235
19 280
19 524
19 876
19 941
20 92
20 179
20 240
20 307
20 365
20 435
21 35
21 341
21 571
21 811
21 828
22 240
22 281
22 543
22 834
23 66
23 222
23 468
23 538
23 587
23 593
23 829
23 837
23 904
24 252
24 548
24 841
24 993
25 99
25 613
26 267
26 378
26 894
26 968
26 977
27 981
28 176
28 341
28 440
28 575
28 626
29 111
29 220
29 231
29 586
30 173
30 341
30 343
30 459
30 702
30 704
31 628
31 790
32 97
32 119
32 349
32 477
32 575
32 810
32 980
32 996
33 408
33 757
33 824
33 825
33 861
34 49
34 51
34 85
34 463
34 629
34 632
35 193
35 350
35 550
35 896
35 922
36 243
36 298
36 354
36 572
36 816
37 648
37 772
38 156
38 680
39 83
39 500
39 649
39 858
39 892
40 107
40 889
41 181
41 907
41 982
42 384
42 492
43 383
43 650
43 719
43 841
44 83
44 404
44 410
44 628
44 931
44 952
45 332
45 361
45 716
45 967
46 191
46 428
46 910
46 958
47 403
47 626
47 639
47 963
47 975
47 993
48 376
48 542
48 667
48 712
48 871
49 122
49 496
49 572
49 805
49 816
49 922
49 937
50 410
50 933
51 201
51 570
52 208
52 465
52 582
52 762
52 930
53 494
53 559
53 593
53 761
54 261
54 287
54 365
54 565
54 830
54 869
54 879
54 881
55 269
55 342
55 482
55 491
55 683
55 781
55 842
56 230
56 338
56 409
56 547
56 946
57 505
57 534
57 557
57 592
57 913
57 967
58 292
58 312
58 552
58 612
59 274
59 475
59 693
59 750
60 150
60 515
60 622
60 774
60 843
60 908
61 261
61 722
61 769
61 940
62 508
63 199
63 346
63 425
63 566
63 638
63 848
63 947
64 843
64 896
64 944
65 80
65 233
66 412
66 494
66 796
67 177
67 216
67 262
67 305
67 328
67 464
67 971
67 977
68 125
68 681
68 726
69 145
69 254
69 469
69 741
69 974
70 246
70 523
70 796
70 931
71 86
71 297
71 393
71 402
71 998
72 451
72 924
73 153
73 217
73 299
73 565
73 733
73 756
73 835
74 827
75 217
75 260
75 536
75 556
75 715
75 828
76 160
76 313
76 406
76 629
77 81
77 149
77 224
77 421
77 422
77 602
77 908
77 951
77 967
78 261
78 489
78 620
78 886
79 203
79 615
79 661
79 931
80 167
80 588
80 697
80 775
82 488
82 509
83 118
83 196
83 202
83 338
83 395
83 583
83 650
83 772
83 860
83 966
84 989
85 105
85 301
85 378
85 595
85 620
85 834
87 268
87 354
87 879
88 633
88 942
89 207
89 383
89 390
89 405
89 413
89 473
89 483
89 932
90 203
90 230
90 548
90 788
90 797
90 897
90 963
91 395
91 920
92 168
92 631
92 637
92 718
92 929
92 994
93 608
93 644
93 680
94 169
94 736
94 752
94 801
94 934
95 148
95 517
95 803
95 877
96 208
96 308
96 370
96 709
97 361
97 622
98 357
98 398
98 400
98 609
98 653
98 879
98 941
99 130
99 255
99 479
99 551
99 671
100 159
100 334
100 540
100 676
100 847
101 692
101 806
102 164
102 170
102 377
102 519
103 105
103 163
103 433
104 176
104 432
104 521
104 560
105 221
105 285
105 837
106 174
106 202
106 287
106 300
106 700
106 728
106 790
106 857
106 945
107 404
107 518
107 747
108 438
108 714
109 211
109 245
109 318
109 954
109 964
110 457
110 672
110 831
110 945
111 206
111 452
111 494
111 700
112 194
112 351
112 396
112 720
112 995
113 147
113 524
113 784
114 341
114 406
114 465
114 597
114 759
114 888
115 227
115 929
115 968
116 240
116 309
116 369
116 450
116 514
116 631
116 752
117 207
117 394
117 486
117 828
118 274
118 576
119 453
119 989
120 895
121 284
121 370
121 521
121 651
121 661
122 251
122 270
122 314
122 739
122 740
122 789
122 791
122 800
123 223
123 290
123 485
123 489
123 913
123 915
123 987
124 139
124 160
124 207
124 522
124 573
124 844
125 182
125 251
125 331
125 424
125 987
126 146
126 245
126 765
127 573
127 751
127 881
127 886
128 355
128 386
128 593
128 619
128 967
129 233
129 569
129 579
129 682
129 858
130 248
130 897
131 166
131 281
131 307
131 405
131 543
131 814
132 146
132 675
132 816
132 923
132 925
133 195
133 219
133 232
133 264
133 451
133 929
133 996
134 178
134 610
134 612
134 642
134 646
134 718
134 731
134 896
135 635
136 378
136 546
137 287
137 573
137 680
137 866
137 873
137 883
137 992
137 997
138 495
138 531
138 705
138 805
138 821
138 987
139 382
139 386
139 390
139 430
139 663
139 810
140 395
140 837
141 287
141 309
141 541
141 589
141 697
141 728
141 782
141 787
141 993
142 147
143 359
143 549
143 736
143 809
143 951
144 200
144 404
144 419
144 464
144 496
144 597
144 872
144 954
145 494
145 577
145 769
145 825
145 863
146 359
146 430
146 431
146 490
147 387
147 521
147 532
147 797
148 447
148 556
148 562
148 583
148 645
148 755
148 824
148 887
148 946
149 356
149 446
150 319
150 671
150 699
151 310
151 446
151 467
151 519
151 578
151 795
151 951
151 955
152 185
152 588
152 627
152 633
152 634
152 913
153 377
153 541
153 712
153 804
154 171
154 214
154 305
154 526
154 697
154 730
154 743
154 814
155 168
155 197
155 201
155 315
155 546
155 623
155 672
155 754
155 785
155 940
156 173
157 338
157 449
158 412
158 929
158 996
159 584
159 776
159 856
159 960
160 480
160 541
160 596
160 707
160 771
160 808
161 264
161 338
161 372
161 694
162 412
163 381
163 762
163 882
164 206
164 401
164 665
164 685
164 907
165 347
165 354
165 550
165 633
165 832
166 193
166 403
166 417
166 469
166 549
166 570
166 612
167 202
167 250
167 393
167 891
167 950
167 951
167 978
168 408
168 460
168 517
168 639
168 846
169 193
169 411
169 481
169 623
169 752
169 898
170 321
170 512
170 593
171 925
172 554
172 564
172 947
173 263
173 427
174 181
174 297
174 354
174 504
174 517
174 590
175 340
175 350
175 434
175 666
175 964
176 684
176 736
176 780
176 899
177 273
177 640
177 681
177 790
177 837
178 212
178 338
178 390
178 552
178 557
178 565
178 630
178 725
179 215
179 326
179 639
179 774
179 802
179 815
179 855
179 883
180 660
181 787
182 255
182 265
182 287
182 354
183 613
184 543
184 608
184 727
184 820
185 234
185 659
185 679
185 801
186 189
186 445
186 469
186 808
186 864
186 973
186 974
187 438
187 684
187 735
187 754
187 850
187 960
188 526
189 293
189 890
190 277
190 478
190 678
190 949
191 423
191 545
191 766
191 860
191 969
192 338
192 544
192 757
192 764
192 853
192 878
192 995
193 220
193 481
193 729
193 737
194 207
194 558
194 567
194 678
195 410
195 590
196 501
196 637
196 674
196 918
197 263
197 343
197 420
197 544
197 585
197 789
197 892
197 938
198 387
198 747
198 765
198 863
199 269
200 234
200 557
200 633
200 859
201 219
201 244
201 343
201 467
201 837
201 899
202 256
202 289
202 444
202 713
203 574
203 946
204 408
204 663
204 756
204 801
205 526
205 798
205 882
206 330
206 884
206 973
207 569
207 656
208 385
208 947
209 228
209 552
209 573
209 691
209 737
209 893
210 265
210 667
210 704
210 867
211 666
212 425
212 524
212 629
213 579
213 922
214 280
214 502
214 665
214 896
215 241
215 953
216 591
216 794
216 942
217 435
217 453
217 463
217 507
217 541
217 870
218 315
218 417
218 450
218 628
218 812
219 244
219 253
219 262
219 286
219 365
219 474
219 491
219 689
219 781
220 547
220 626
220 831
221 427
222 405
222 966
223 358
223 489
223 649
223 833
224 232
224 449
224 485
224 608
224 802
224 917
224 988
225 869
225 899
226 367
226 562
226 753
226 879
227 269
227 294
227 488
227 611
227 782
227 825
227 826
228 268
229 351
229 462
229 492
229 850
230 525
230 736
230 743
231 331
231 805
231 957
232 644
232 661
232 775
232 995
233 380
233 488
233 600
233 898
233 998
234 269
234 350
234 479
234 677
234 688
235 694
235 748
235 890
236 277
236 301
236 564
236 610
236 689
236 760
236 947
237 260
237 849
238 323
238 741
239 311
239 631
239 905
239 921
239 996
240 489
240 760
240 844
240 847
240 957
241 430
242 304
242 607
242 909
243 283
243 617
243 721
243 813
243 900
244 312
244 570
245 331
245 424
245 631
245 632
245 852
245 862
245 908
246 473
246 647
246 674
247 375
247 751
247 797
248 280
248 900
249 318
249 421
249 486
249 503
249 598
249 677
249 891
250 311
250 367
250 377
250 491
250 510
250 528
250 606
250 663
250 709
250 803
250 857
252 535
252 592
252 720
252 864
253 563
253 578
253 763
254 706
254 730
254 786
254 940
254 988
255 267
255 767
256 365
256 520
256 640
256 844
256 990
257 720
258 263
258 341
258 498
258 757
259 389
260 459
260 760
261 413
261 618
261 742
261 796
261 803
262 367
262 421
262 785
262 797
262 824
264 748
265 355
265 432
265 853
265 919
265 942
266 388
266 409
266 736
266 864
267 599
267 662
267 761
268 469
269 484
269 499
269 819
269 842
270 416
270 496
270 503
270 533
270 565
270 715
270 900
271 403
271 433
271 800
271 885
272 483
272 710
273 594
273 914
274 366
274 425
274 571
274 999
275 303
275 333
275 678
275 709
275 798
275 925
276 389
276 468
276 665
276 691
276 904
276 920
277 465
277 841
277 943
277 949
278 303
278 364
278 460
278 605
278 825
279 287
279 443
279 493
279 787
280 374
280 546
280 793
281 401
281 700
281 763
281 826
282 539
283 606
284 321
284 582
284 733
285 453
285 582
285 705
285 851
286 460
286 488
286 638
286 877
287 693
287 787
288 636
288 785
288 853
288 910
288 925
289 850
289 916
290 439
290 509
290 521
291 429
291 544
292 473
292 602
292 733
292 876
293 472
293 794
293 907
294 333
294 335
294 353
294 397
294 434
294 509
294 767
294 931
294 995
295 309
295 722
295 944
295 958
296 343
296 401
296 586
297 384
297 401
297 459
297 598
297 794
297 856
297 867
298 439
298 806
298 891
299 720
299 801
300 348
300 509
300 633
300 858
301 359
301 792
301 832
301 973
302 332
302 611
302 992
304 447
304 702
304 851
304 905
305 368
305 615
305 661
305 670
305 710
305 787
305 921
306 756
306 858
307 441
307 482
308 818
308 916
309 755
309 886
310 516
310 657
310 704
310 863
310 958
311 482
311 641
311 673
311 693
311 808
311 837
312 386
312 406
313 477
313 637
313 879
314 447
314 532
314 712
314 904
315 329
315 341
315 539
315 871
315 988
316 652
316 786
317 328
317 358
317 606
318 522
318 528
318 750
318 764
318 925
318 940
318 984
319 866
320 387
320 672
321 415
321 505
321 529
321 531
321 592
321 821
321 865
322 513
322 719
323 723
323 909
323 956
324 511
324 538
324 817
324 893
325 355
325 483
325 715
325 884
326 436
326 463
326 607
327 740
327 934
328 371
328 938
329 462
329 821
330 602
330 788
331 352
331 437
331 467
331 468
331 687
331 917
331 966
332 601
332 659
332 961
333 663
333 723
334 525
335 394
335 910
337 383
337 430
337 463
337 512
337 831
337 908
337 939
338 421
338 609
338 641
340 418
340 430
340 769
341 528
341 834
341 964
342 506
342 765
342 817
343 347
343 382
343 638
343 665
343 783
343 894
343 983
344 386
344 838
344 864
344 928
344 947
345 410
345 874
346 772
347 777
347 971
348 596
348 778
349 366
349 404
349 458
349 871
351 561
351 812
351 954
352 728
352 987
353 894
354 641
354 995
355 507
355 525
355 651
355 704
356 401
356 868
356 985
357 634
357 648
357 851
357 892
358 665
358 835
359 828
359 936
360 395
360 475
360 634
360 805
360 850
360 981
361 381
362 521
362 533
362 634
362 761
362 935
363 772
364 633
364 723
364 987
365 600
365 779
365 917
366 392
366 977
367 645
367 857
368 412
368 652
368 851
369 440
369 488
369 517
370 718
370 953
371 397
371 417
371 587
371 599
371 863
371 934
371 943
372 795
372 981
373 435
373 641
373 651
373 745
373 937
374 466
374 570
374 849
375 521
375 815
375 821
375 870
375 944
375 969
376 428
376 529
376 620
376 792
376 880
377 650
377 979
378 523
378 781
378 793
378 843
378 897
378 898
378 952
379 710
379 732
379 765
379 784
379 981
380 634
380 703
380 854
380 882
380 969
381 519
381 832
381 849
381 905
382 399
382 695
382 725
382 822
382 996
383 863
383 946
384 475
384 632
384 882
385 690
385 700
385 911
386 401
386 466
386 568
386 700
386 814
386 905
386 942
387 442
387 469
387 666
388 583
388 713
388 908
389 525
390 960
391 616
391 845
391 911
391 949
392 395
392 742
393 572
393 905
393 932
393 967
394 588
394 901
395 663
395 800
395 934
396 604
396 662
397 480
397 835
397 876
397 987
398 493
399 408
400 679
400 742
400 841
401 534
401 584
401 609
401 642
401 659
401 928
402 417
402 729
404 889
405 417
405 570
405 573
405 826
406 438
406 849
406 961
407 595
408 484
408 498
408 530
408 575
408 777
408 841
408 854
408 879
409 662
409 720
409 977
410 711
410 795
410 873
410 887
411 601
411 665
411 771
412 418
412 641
412 725
413 427
413 454
413 686
413 919
414 512
414 676
415 486
415 632
415 683
415 966
415 977
415 990
416 481
416 547
416 897
416 921
417 508
417 824
417 859
417 965
418 497
419 540
419 866
420 816
420 846
421 538
421 603
421 738
421 829
421 894
422 685
422 978
424 614
424 703
424 887
425 585
425 720
425 937
425 969
425 999
426 535
426 541
426 759
426 801
427 795
428 695
428 936
429 519
429 779
430 503
430 688
430 705
430 972
431 486
431 644
431 912
432 458
432 648
433 903
434 481
434 716
434 769
434 817
434 835
435 713
435 779
436 438
436 540
436 601
436 667
436 767
436 837
436 885
437 533
437 606
437 636
437 697
438 668
438 739
438 955
438 967
439 729
439 793
439 955
440 573
440 777
441 479
441 740
441 814
442 557
442 586
442 760
442 809
443 457
443 578
443 807
445 803
445 931
446 482
446 530
446 615
447 513
447 590
447 662
447 883
447 980
448 586
448 711
448 922
448 935
449 613
449 806
449 849
449 965
450 532
451 705
452 525
452 927
453 852
453 872
453 883
454 916
454 929
454 954
454 964
455 573
455 981
456 725
456 861
456 937
456 994
457 495
457 583
457 634
457 831
458 803
458 804
460 931
461 870
461 964
462 676
462 750
462 762
462 816
462 849
462 875
463 543
463 636
463 856
464 702
464 744
464 782
464 823
465 634
465 720
466 519
467 557
467 570
467 615
467 669
467 682
467 913
468 525
468 678
468 806
468 964
469 491
469 941
470 565
470 728
470 987
471 627
472 663
472 712
472 758
472 797
472 981
473 691
473 896
473 979
473 992
474 537
474 622
474 640
474 762
474 766
474 920
475 561
475 613
476 489
476 680
477 681
478 993
479 858
479 994
480 501
480 802
481 575
481 578
481 602
481 936
481 970
482 548
482 697
482 970
483 517
483 896
484 686
485 505
485 579
485 792
486 575
486 651
486 875
486 893
486 899
487 513
487 747
487 934
487 957
487 962
488 782
488 935
488 971
489 726
489 895
489 987
490 929
491 680
492 822
495 909
496 710
496 778
496 935
496 980
497 832
497 883
497 884
497 898
498 708
498 890
499 798
499 834
499 902
500 948
502 619
503 615
503 648
503 697
503 719
504 505
504 817
504 942
505 518
505 557
506 596
507 537
507 700
507 728
507 911
508 540
508 552
508 928
509 713
509 936
509 945
510 533
510 575
511 660
511 727
511 885
511 940
512 651
512 788
513 614
513 652
513 793
513 904
514 623
514 743
514 808
515 805
516 852
516 871
516 887
517 541
517 783
518 621
518 670
518 890
519 669
519 992
520 536
520 778
521 735
521 985
522 705
523 564
523 647
523 807
525 858
526 536
526 604
526 712
526 848
526 857
527 746
527 780
528 667
528 825
529 628
529 874
530 681
530 699
530 738
530 838
530 856
531 877
532 540
532 589
532 726
532 737
532 739
533 824
534 849
535 683
535 758
535 950
535 986
536 747
537 777
537 889
538 707
538 940
538 952
539 638
539 654
539 959
540 778
541 723
541 783
542 917
543 876
544 738
544 766
544 796
545 905
546 556
546 678
546 697
546 755
546 776
546 802
547 982
548 805
548 839
548 942
548 949
549 603
549 745
549 941
550 579
550 702
551 715
551 839
552 710
553 623
554 570
554 909
555 655
555 703
555 894
555 938
556 653
557 668
557 690
557 740
557 766
558 627
558 949
559 643
559 709
559 906
560 950
561 819
561 822
561 934
562 733
563 613
563 643
563 668
564 584
564 729
564 730
564 835
564 889
565 768
565 826
565 992
566 642
567 573
567 987
568 802
568 957
569 723
569 761
569 956
570 711
571 912
572 709
572 770
573 580
573 796
573 850
573 892
574 861
575 593
575 850
577 761
578 981
579 600
579 861
580 736
580 790
580 821
580 859
580 876
580 922
581 616
581 716
581 987
582 651
582 678
582 683
582 760
582 808
583 805
583 827
584 845
585 732
585 781
585 906
586 830
586 846
587 872
587 974
588 688
588 856
589 783
591 699
591 776
591 840
592 936
592 971
593 802
594 685
594 808
594 886
595 596
595 611
595 668
595 817
595 981
596 652
597 791
599 642
601 692
601 782
601 792
602 792
602 925
604 726
604 731
604 899
604 951
606 821
606 842
607 912
609 738
609 803
609 916
610 944
610 983
610 986
611 628
612 626
613 639
613 853
614 712
614 884
615 652
615 834
616 777
617 899
618 664
618 674
618 863
618 971
619 632
619 837
619 870
620 761
621 738
621 993
622 891
622 976
623 681
623 723
624 717
624 961
624 980
625 893
626 629
626 712
626 977
627 642
627 834
627 893
627 995
628 757
628 945
629 674
630 843
631 974
632 675
632 692
632 821
633 917
634 646
634 923
634 983
635 645
635 690
635 919
635 921
636 742
637 778
637 846
637 918
638 787
638 946
639 764
640 787
641 760
641 789
641 884
641 936
642 772
642 983
643 780
643 817
643 916
644 753
645 676
645 960
646 815
646 837
647 934
648 911
649 746
650 776
650 851
650 908
650 996
650 997
651 756
652 907
653 747
654 802
654 877
655 718
655 907
658 937
659 744
659 992
660 677
660 681
661 801
661 903
661 993
662 975
663 716
664 898
665 789
665 809
665 826
665 891
665 941
666 750
666 800
667 797
667 813
667 830
669 868
669 995
670 688
670 801
670 978
670 980
671 894
672 716
674 904
674 937
674 990
675 797
675 946
675 987
677 703
678 879
678 954
681 764
681 844
681 910
682 787
682 800
682 893
683 775
683 846
683 977
684 906
685 696
685 992
685 993
686 939
687 756
687 902
687 950
689 946
690 730
690 745
690 830
691 974
694 913
694 915
694 985
695 881
696 795
696 982
697 723
697 773
698 964
699 826
700 755
700 781
700 840
701 834
701 921
702 862
702 963
703 754
703 945
704 708
704 783
704 790
704 879
704 973
705 954
706 893
706 926
707 884
708 943
709 756
709 776
709 856
711 841
712 950
714 807
714 838
714 857
714 981
715 947
716 882
716 907
717 972
717 994
719 740
719 815
719 908
721 947
722 780
722 889
723 891
724 736
724 743
724 749
724 914
725 745
726 753
726 778
728 917
729 899
730 837
730 973
732 945
734 912
735 886
738 795
738 863
741 882
741 884
742 943
744 849
745 886
746 782
746 807
746 956
746 994
747 793
747 875
747 997
748 772
748 880
750 985
751 845
751 902
752 800
752 842
752 877
752 918
752 931
754 831
755 853
755 956
756 801
757 841
757 939
757 965
758 818
758 822
758 969
760 858
760 967
760 997
761 773
761 989
762 822
762 845
762 848
762 978
763 871
763 888
763 916
764 825
764 864
765 776
765 878
766 793
766 861
766 933
766 959
766 981
767 774
767 921
768 805
768 989
773 805
773 912
774 813
774 878
775 917
776 910
776 911
776 971
777 937
779 915
783 788
783 980
784 823
784 974
784 993
785 917
785 918
785 966
786 919
787 827
787 861
788 872
789 886
791 838
792 868
792 925
792 990
793 966
794 890
794 990
795 966
796 937
798 842
798 878
799 894
801 827
801 921
801 994
804 823
804 956
805 936
806 846
807 915
808 839
808 851
809 934
812 948
812 959
812 969
813 936
813 957
815 880
819 880
821 984
823 911
824 834
825 854
825 958
827 917
827 934
829 847
831 866
831 965
832 850
833 873
834 883
834 997
836 842
836 868
839 895
839 900
841 978
842 935
843 911
845 952
846 922
850 871
852 910
853 938
853 980
856 952
862 985
868 937
869 996
871 926
874 951
875 879
876 900
876 963
878 913
879 917
882 997
883 945
888 928
888 960
889 970
891 963
892 925
898 907
898 963
900 919
900 941
902 903
906 974
906 979
908 928
909 967
910 961
911 973
912 921
915 991
916 938
924 932
932 989
939 956
939 987
940 949
946 952
947 954
952 970
956 997
956 998
959 988
959 995
961 968
962 998
967 990
970 985
976 993
984 995
