1000 2500
0 203
0 723
0 909
1 56
1 390
1 418
1 509
1 926
2 177
2 216
2 402
3 536
3 673
3 956
4 290
4 595
4 638
4 689
4 759
4 885
4 957
5 33
5 186
5 391
5 535
5 835
5 890
5 896
5 897
6 220
6 380
6 619
6 821
7 495
7 797
8 444
8 621
8 653
8 765
9 126
9 164
9 212
9 430
9 528
9 563
9 680
9 816
10 644
10 763
11 410
11 439
11 863
12 380
12 520
12 719
12 891
12 934
12 972
13 444
13 799
13 800
13 902
13 932
13 981
14 42
14 208
14 354
14 718
14 934
15 201
15 206
15 222
15 255
15 714
15 804
15 843
15 920
16 468
16 469
16 569
16 647
16 945
17 55
17 85
17 96
17 99
17 282
17 446
17 518
17 641
18 88
18 746
18 983
18 993
18 996
19 388
19 510
19 868
20 77
20 509
20 564
20 634
20 835
20 943
21 360
21 427
22 132
22 258
22 378
22 501
22 540
23 72
23 469
23 645
23 847
23 917
24 115
24 391
24 753
24 965
25 557
25 666
25 733
25 771
25 869
26 170
26 883
27 640
28 145
28 485
28 514
28 774
28 860
28 865
28 998
29 240
29 473
30 95
30 141
30 358
30 633
30 650
31 316
31 509
31 689
32 239
32 364
32 943
33 304
33 564
34 79
34 155
34 556
34 935
35 84
35 129
35 928
36 212
36 349
36 448
36 850
36 875
36 890
37 107
37 269
37 575
37 619
37 634
37 686
37 739
37 797
37 910
38 127
38 682
38 716
38 783
38 864
38 872
38 913
38 926
39 114
39 323
39 611
39 672
39 820
40 123
40 219
40 571
40 843
40 926
40 933
41 134
41 362
41 452
41 474
41 518
41 777
42 72
42 150
42 178
42 361
43 104
43 619
43 677
43 714
43 849
44 352
44 840
44 880
45 680
46 179
46 206
46 233
46 251
46 446
46 548
46 637
47 77
47 180
47 198
47 267
47 775
48 291
48 471
48 875
48 911
49 390
49 397
49 591
49 943
49 993
50 516
50 675
50 865
51 407
51 692
52 437
52 512
52 972
53 298
53 538
53 709
53 789
53 826
54 61
54 327
54 434
54 684
54 692
55 453
55 550
55 650
55 870
55 907
56 154
56 330
56 868
56 922
56 937
56 963
56 980
57 80
57 185
57 449
58 66
58 72
58 141
58 224
58 255
58 335
58 369
58 432
58 877
58 983
59 106
59 221
59 280
59 368
60 600
60 824
60 912
61 169
61 312
61 509
61 520
61 748
61 907
62 65
62 92
62 199
62 421
62 924
62 993
63 779
64 121
64 186
64 565
65 468
65 566
65 810
65 902
66 196
66 480
66 663
66 696
66 947
67 172
67 174
67 343
67 354
67 480
67 577
67 846
68 377
68 407
68 522
68 559
69 511
70 530
70 802
70 963
71 173
71 784
71 913
72 82
72 861
72 893
73 191
73 620
73 815
74 318
74 811
74 893
75 250
75 323
75 563
75 597
75 664
75 737
75 756
75 854
75 857
75 993
76 205
76 343
76 609
76 679
76 704
76 919
77 291
77 359
77 420
77 737
77 839
77 926
78 110
78 203
78 335
78 352
78 456
78 772
79 301
79 354
79 554
80 84
80 111
80 235
80 399
80 702
80 907
80 957
81 382
81 476
82 269
82 290
82 831
83 138
83 300
83 389
83 504
83 599
83 756
83 774
83 808
83 902
84 94
84 126
85 725
85 731
86 184
86 459
86 558
86 608
86 640
86 673
86 714
86 896
86 925
87 223
87 244
87 347
87 555
88 464
88 508
89 103
89 173
89 199
89 325
89 456
89 695
89 800
89 924
90 442
90 501
90 502
90 623
90 737
90 883
90 945
91 654
92 153
92 334
92 389
92 391
92 411
92 515
92 578
92 629
92 683
92 754
93 402
93 494
93 539
93 643
93 669
93 676
93 688
93 991
94 501
94 839
95 102
95 269
95 576
95 587
95 623
95 758
96 112
96 312
96 978
96 988
97 121
97 595
97 813
97 864
98 333
98 731
98 763
98 860
99 488
99 686
99 766
99 806
99 945
100 108
100 774
100 921
100 944
101 497
101 597
101 758
101 951
102 141
102 464
102 667
103 206
103 401
103 432
103 739
103 782
104 180
104 405
104 469
104 506
104 529
104 686
105 121
106 122
106 845
106 974
107 120
107 346
107 381
107 642
107 835
108 292
108 373
108 917
108 946
109 446
109 533
109 687
109 776
109 989
110 154
110 396
110 430
110 468
111 351
111 619
111 946
111 990
112 386
112 712
112 740
112 984
113 202
113 352
113 635
113 674
113 934
113 994
114 216
114 329
114 358
114 395
114 466
114 917
115 218
115 482
115 616
115 675
115 944
116 163
116 191
116 231
116 529
116 734
116 743
117 133
117 155
117 604
117 608
117 722
117 831
118 238
118 255
118 778
118 790
118 844
119 785
119 975
120 272
120 300
120 594
120 667
120 729
120 858
121 636
121 797
121 896
122 182
122 324
122 444
122 475
122 654
122 689
122 882
123 331
123 411
123 511
123 592
124 184
124 440
124 536
124 540
124 742
124 820
124 886
125 366
125 665
125 688
126 266
126 345
126 469
126 623
127 146
127 264
127 421
127 760
127 910
128 151
128 174
128 602
128 737
128 873
129 145
129 455
129 622
129 727
129 891
129 950
130 803
131 178
131 445
131 450
131 519
131 801
131 810
132 358
132 435
133 199
133 723
133 834
133 866
133 960
134 366
134 376
134 396
134 553
134 849
134 879
135 294
136 401
136 464
136 640
136 645
136 672
136 708
136 757
136 869
137 483
137 497
137 549
137 563
137 772
137 833
137 937
138 303
138 490
138 761
138 801
138 873
138 961
138 984
139 140
139 365
139 509
139 529
139 650
139 808
140 141
140 206
140 249
140 332
140 401
140 521
140 547
140 559
140 946
140 948
141 160
141 309
141 417
141 630
142 258
142 276
142 447
142 562
142 884
143 359
143 388
143 475
143 694
143 754
143 781
144 145
144 161
144 284
144 556
145 506
145 740
145 857
145 948
145 975
146 259
146 321
146 407
146 857
147 217
147 293
147 373
147 501
147 929
148 173
148 294
148 296
148 360
148 804
149 445
149 710
149 924
149 928
150 200
150 401
150 976
151 278
151 312
151 366
151 566
151 848
151 927
152 504
152 550
152 558
152 875
152 924
153 331
153 486
153 660
153 698
153 725
154 295
154 322
154 361
154 384
154 532
154 686
154 740
154 937
155 265
155 381
155 569
155 681
155 978
156 601
156 877
156 943
157 681
157 685
157 928
158 317
158 440
158 823
159 350
159 366
159 426
159 912
160 320
160 452
160 878
161 353
161 453
161 598
161 628
161 970
162 541
162 569
162 862
163 220
163 348
163 490
163 525
163 614
163 701
163 978
164 714
164 948
165 205
165 502
165 937
165 982
166 197
167 188
167 296
167 566
167 589
167 729
167 854
168 194
168 506
168 896
168 993
169 243
169 449
169 805
169 956
170 182
170 224
170 987
171 268
171 387
171 618
171 789
171 986
172 271
172 378
172 653
173 233
173 347
173 624
173 824
174 198
174 296
174 542
174 616
174 742
174 746
174 800
175 783
175 826
176 215
176 247
176 300
176 438
176 469
176 580
176 766
176 767
176 794
176 936
177 348
177 624
177 804
177 838
178 206
178 457
178 778
178 848
179 302
179 596
179 657
179 703
179 863
180 295
180 326
180 429
180 505
180 616
180 785
180 881
181 222
181 382
181 439
181 495
181 721
181 908
181 948
182 364
182 455
183 303
183 319
183 551
183 570
183 706
183 825
184 358
184 599
184 813
185 196
185 212
185 344
185 421
185 650
185 711
186 350
186 471
186 625
186 878
187 272
187 473
187 572
187 698
187 759
187 806
188 305
188 558
188 751
189 364
189 756
189 781
190 231
190 316
190 620
190 994
191 294
191 585
191 769
191 932
191 954
192 236
192 491
192 715
193 312
193 360
193 431
193 489
193 524
193 684
193 753
193 832
193 921
194 374
194 406
194 535
194 835
195 218
195 347
195 378
195 435
195 880
196 279
196 410
196 571
196 625
196 704
197 303
197 430
197 506
197 821
197 949
198 346
198 676
198 839
198 931
199 224
199 227
199 354
199 617
200 526
201 479
201 732
202 381
203 760
203 822
203 973
204 523
204 601
204 727
205 471
205 699
205 905
206 490
206 557
207 275
207 623
207 627
207 632
207 762
207 786
207 981
207 982
207 991
208 297
208 513
208 627
209 590
209 706
209 835
209 986
210 219
210 730
210 737
211 593
211 640
211 846
211 950
212 464
213 335
213 410
213 667
213 831
213 854
213 973
214 339
214 366
214 459
214 758
214 984
215 265
215 291
215 852
215 898
216 402
216 505
216 687
217 530
217 635
217 914
217 937
217 961
218 268
218 908
219 516
220 492
220 615
221 429
221 856
222 758
222 953
223 236
223 317
223 575
223 585
223 589
223 640
223 698
223 729
223 963
224 312
224 715
224 894
224 930
225 263
225 318
225 584
225 608
225 763
225 838
226 445
227 339
227 368
227 384
227 404
227 818
227 939
228 354
228 402
228 427
228 706
228 888
228 896
229 418
229 646
230 504
231 482
231 514
231 518
231 611
231 701
232 462
232 484
232 702
232 777
232 850
233 247
233 289
233 328
233 406
233 766
233 925
234 398
234 530
234 754
235 409
235 475
235 796
235 853
236 252
236 738
236 826
236 881
236 979
237 416
237 462
237 552
238 363
238 402
238 415
238 561
238 614
238 641
238 666
238 667
238 752
238 771
238 850
238 943
239 294
239 462
239 492
239 684
239 743
239 849
239 864
239 889
240 470
240 714
241 520
241 525
241 764
241 790
242 345
242 520
242 548
242 595
242 681
242 825
242 883
242 972
243 351
243 356
243 877
244 334
244 348
244 352
244 516
245 468
245 507
245 675
245 683
245 814
245 958
245 982
246 262
247 305
247 376
247 412
247 413
247 585
247 895
248 558
249 254
249 293
249 634
249 755
249 794
249 881
249 934
250 267
250 554
250 603
250 610
250 917
251 308
251 465
251 617
251 782
251 784
251 892
252 590
252 894
253 279
253 402
253 518
253 896
254 318
254 337
254 496
254 886
254 999
255 278
255 537
255 591
255 820
255 996
256 361
256 682
256 829
256 831
256 836
257 427
257 438
257 664
258 425
258 546
258 675
259 302
259 402
259 492
259 794
260 420
260 821
261 554
261 846
261 906
262 608
262 804
262 915
263 496
263 551
263 601
263 658
263 959
264 346
265 360
265 382
265 599
265 666
265 871
265 962
266 425
266 629
266 707
266 968
266 980
267 691
267 955
268 466
268 523
269 308
269 452
269 571
269 779
270 271
270 291
270 655
270 881
271 632
271 668
271 719
271 720
272 309
272 390
272 409
272 790
273 554
273 557
273 674
273 793
273 825
273 835
273 897
273 984
274 295
274 555
274 735
274 809
274 921
275 285
275 346
275 780
276 560
276 595
276 847
277 345
277 359
277 373
277 539
277 682
278 937
278 999
279 637
279 780
279 938
280 349
280 432
280 884
281 461
281 846
281 891
281 936
282 293
282 607
283 428
283 471
283 631
283 657
283 705
283 730
283 781
284 506
285 702
285 717
286 455
286 560
286 678
286 747
287 396
287 543
288 653
288 826
288 862
289 316
289 423
289 643
289 668
289 730
289 824
290 694
290 839
290 887
290 959
291 419
291 647
291 807
291 838
292 377
292 386
292 794
292 905
292 966
293 315
293 382
293 510
293 635
293 753
293 754
294 325
294 759
294 830
294 995
295 439
295 697
295 703
295 807
295 858
296 354
296 507
296 644
296 716
297 419
297 595
297 612
298 366
298 468
298 496
298 869
299 789
299 902
299 969
300 498
301 462
301 917
302 824
302 836
302 909
303 681
303 685
303 767
304 334
304 337
304 808
305 314
305 465
305 783
306 838
306 981
307 352
307 545
307 678
308 386
308 463
308 992
309 381
309 395
309 530
310 442
310 669
310 761
310 979
311 324
311 460
311 552
311 657
312 599
312 602
313 474
313 828
313 994
314 495
314 766
315 333
315 786
315 897
316 352
316 391
317 356
317 391
317 445
317 471
317 497
317 664
317 890
317 915
318 357
318 388
318 709
319 414
319 467
319 601
319 736
320 366
320 738
320 767
321 823
322 464
322 565
322 786
323 415
323 501
323 507
323 612
323 635
323 719
323 873
323 958
324 452
324 778
324 934
325 441
325 470
325 574
326 829
326 859
326 926
327 367
327 419
327 549
327 577
327 647
327 766
327 932
327 935
328 720
328 850
328 856
328 980
329 695
330 627
330 842
330 974
331 368
331 502
331 839
332 580
332 925
333 432
333 565
334 393
334 856
335 427
335 431
335 478
335 978
336 761
336 792
336 878
336 935
337 371
337 485
337 800
338 389
338 533
338 772
338 882
338 933
339 500
339 572
339 825
339 966
340 505
340 583
340 666
340 974
341 548
341 882
342 592
342 652
342 848
343 482
343 765
343 802
343 807
343 852
343 859
343 923
343 952
343 963
344 651
344 938
345 446
345 705
345 739
345 787
346 715
346 991
347 368
347 446
347 751
347 958
347 992
348 390
348 540
348 610
349 710
349 903
350 352
350 868
350 910
351 439
351 755
351 780
351 781
351 928
352 716
353 692
354 424
354 570
355 385
355 789
356 491
356 584
356 934
357 571
358 552
359 428
359 610
359 649
359 946
360 380
360 945
361 376
361 729
361 748
361 862
362 521
362 616
362 679
362 815
362 993
363 382
363 675
363 773
363 788
363 955
364 423
364 433
364 519
364 916
365 408
366 986
367 622
367 646
367 810
367 819
367 933
367 941
367 945
367 985
368 385
368 438
368 474
368 514
368 562
368 830
369 427
369 600
369 602
369 625
369 849
369 854
370 408
370 645
371 375
371 385
371 471
371 603
371 918
371 951
372 797
372 807
372 853
372 980
373 543
373 608
373 654
373 804
374 757
375 548
375 747
375 952
376 435
376 788
376 923
376 953
377 467
377 713
377 984
378 545
378 761
379 421
379 923
379 977
380 926
380 958
381 685
381 741
381 945
382 537
382 702
382 714
382 909
383 392
383 658
383 735
384 535
384 650
384 750
385 951
386 765
386 790
386 944
386 960
387 405
387 523
387 528
387 773
388 517
388 805
388 850
389 515
390 467
390 748
390 855
391 598
391 877
391 920
392 673
393 435
394 510
394 614
394 671
394 732
394 810
394 896
394 948
395 518
395 681
395 791
396 516
396 731
397 416
397 707
397 825
397 887
398 840
398 963
399 647
399 776
400 459
400 482
400 524
400 560
400 614
400 714
400 727
401 459
401 762
402 528
402 556
402 609
402 692
403 409
403 737
403 956
404 500
404 630
405 880
406 465
406 487
406 540
406 569
406 826
406 892
406 921
407 425
407 560
407 593
407 733
407 865
408 409
408 424
408 889
408 947
409 461
409 537
409 657
409 989
410 619
410 743
411 710
411 745
412 449
412 495
412 635
413 582
413 805
413 893
415 506
415 527
415 806
416 465
416 881
417 421
417 450
417 660
417 729
417 758
417 923
417 931
418 638
418 927
418 967
419 505
419 905
420 624
420 631
420 673
420 830
421 449
421 799
421 867
422 609
422 849
422 980
423 442
423 635
423 753
424 515
424 611
424 647
424 664
424 691
424 794
424 901
425 535
425 833
425 959
426 593
426 744
426 842
427 438
427 492
428 518
428 722
429 945
430 674
431 447
431 667
431 852
432 885
432 904
433 527
433 646
433 727
433 774
433 805
433 914
436 621
436 939
436 972
437 509
437 518
437 531
437 696
437 800
437 941
438 484
438 715
438 741
438 919
439 832
439 904
440 581
440 592
440 610
440 637
440 704
441 760
442 778
443 502
443 730
443 789
444 589
445 511
445 775
445 981
446 594
446 758
446 901
447 458
447 672
447 697
447 703
447 731
447 753
447 912
448 457
448 510
448 580
448 964
449 516
449 610
451 658
451 693
451 717
451 718
451 780
451 793
451 803
451 952
451 971
452 694
453 897
453 915
455 572
455 733
455 753
456 528
456 574
456 931
457 758
457 983
458 931
459 927
461 794
461 908
462 724
462 857
462 866
463 826
463 932
464 532
464 733
464 895
465 573
465 591
466 783
467 983
468 908
469 530
469 697
469 785
469 792
470 654
470 890
471 555
471 825
471 921
471 947
472 746
472 815
472 890
473 583
475 504
475 782
476 500
476 800
476 869
477 539
477 870
478 731
478 805
478 987
479 557
479 731
479 913
480 575
480 894
481 525
481 819
481 857
481 944
482 575
482 638
482 756
482 964
483 585
484 504
484 694
484 762
485 949
486 701
486 749
487 839
488 556
488 832
488 833
489 638
489 780
489 844
489 904
490 541
490 637
490 840
491 604
491 674
491 820
492 551
492 674
492 957
493 710
495 601
495 830
495 898
496 542
496 803
496 944
497 506
497 676
497 734
497 925
498 619
498 667
500 515
500 711
500 849
502 574
502 771
502 869
502 886
502 993
503 544
503 994
504 595
504 633
505 820
505 827
505 850
507 509
507 662
507 835
507 978
508 513
509 610
509 656
509 902
509 996
510 549
510 577
510 676
510 941
511 586
511 605
512 595
512 925
513 708
513 885
514 974
515 615
515 653
515 726
515 922
515 969
516 577
516 691
517 532
517 547
517 629
517 896
517 914
518 600
518 632
520 742
520 791
521 609
522 672
522 838
523 684
523 829
524 536
524 612
524 820
524 954
525 638
525 681
525 868
525 975
526 563
526 675
526 847
526 907
527 561
528 529
528 610
528 647
528 670
528 767
530 904
532 639
532 921
533 583
533 611
533 951
534 584
534 731
534 773
534 892
535 720
536 546
536 596
536 801
536 838
536 918
537 637
538 564
538 688
538 784
538 853
539 724
539 790
539 955
539 984
539 995
540 568
540 675
540 842
542 724
542 770
542 816
542 818
543 695
543 771
545 546
546 712
548 668
549 699
549 847
550 680
550 764
550 992
551 597
551 779
551 821
551 852
551 878
553 597
553 849
554 829
554 932
554 950
555 584
555 886
556 835
556 880
557 711
557 841
557 866
557 918
558 993
559 732
560 741
560 849
561 623
562 857
565 860
566 662
566 752
566 777
566 812
566 849
567 779
567 783
567 845
567 901
567 968
569 998
570 654
570 669
570 845
570 867
571 970
573 603
573 699
573 973
574 638
574 938
575 885
576 631
577 584
577 624
577 645
578 676
578 747
578 898
578 967
579 639
579 661
579 949
580 696
580 705
581 729
581 765
581 977
583 645
584 905
586 686
587 617
587 702
588 835
589 611
589 715
589 971
590 618
590 904
590 936
591 630
591 639
591 947
591 973
593 606
593 752
593 754
593 867
594 812
596 617
596 624
596 716
597 598
598 861
598 953
599 665
599 732
599 744
599 783
600 786
601 621
601 623
601 970
601 988
602 627
602 773
603 705
603 789
603 839
604 662
605 648
605 746
605 912
606 744
606 792
607 804
608 723
608 754
608 759
610 804
610 918
611 912
613 627
613 856
615 667
615 679
615 937
616 890
617 697
617 706
617 718
617 763
617 885
618 856
620 869
621 905
622 678
622 888
623 675
624 649
625 671
625 767
625 875
625 924
626 773
626 860
627 731
628 650
628 698
628 912
630 732
630 884
631 785
631 875
632 904
633 655
633 672
633 800
634 935
635 800
636 667
636 709
636 739
637 849
638 721
638 868
638 914
639 755
639 913
640 732
641 743
642 727
642 851
643 700
643 766
644 954
645 726
646 823
646 830
646 833
646 874
646 953
647 894
648 666
648 728
649 777
651 872
652 698
653 672
653 728
653 994
656 740
656 882
658 787
658 853
661 874
662 774
663 945
664 667
664 682
665 766
665 767
666 743
667 675
667 745
668 796
668 891
671 774
671 844
671 884
672 813
673 676
673 701
673 855
673 934
673 964
673 982
675 719
675 802
675 866
675 932
676 711
677 992
678 775
678 992
679 741
679 874
681 816
682 783
682 982
682 989
683 718
683 753
683 796
683 926
684 952
685 855
685 968
686 704
686 715
687 759
687 833
687 836
688 980
689 830
689 869
692 724
692 866
692 945
693 880
693 960
693 999
694 758
694 812
694 864
694 903
695 847
696 831
697 818
697 972
697 988
698 726
699 798
700 867
700 880
700 920
700 945
701 793
701 868
703 910
704 725
704 736
704 821
705 787
707 832
707 920
707 929
708 815
708 834
708 985
709 763
709 957
710 735
710 748
710 890
711 788
712 975
713 787
713 801
713 871
713 949
714 735
714 906
714 959
716 809
719 729
719 953
720 917
720 932
720 995
721 748
721 849
722 726
722 933
723 842
723 847
724 997
725 767
725 787
725 926
726 770
726 869
726 940
727 995
728 960
728 982
729 966
730 968
731 939
731 988
732 768
732 867
733 755
733 784
733 843
733 897
734 840
734 895
738 750
738 826
738 952
739 950
742 774
744 828
745 998
747 852
748 857
748 894
749 770
749 828
750 894
750 898
750 908
750 968
751 908
752 797
753 893
753 956
754 762
754 776
755 837
755 970
759 803
760 761
760 775
761 835
761 848
761 977
764 796
764 874
764 924
765 798
766 907
767 873
769 822
773 867
775 937
775 994
776 792
777 817
777 912
779 785
779 804
779 918
779 985
782 788
782 901
783 872
786 816
786 918
787 880
788 888
788 898
788 905
789 812
789 946
790 882
791 901
793 795
794 869
795 828
795 863
795 965
796 896
797 832
797 912
797 942
800 803
801 806
801 826
802 836
803 852
803 965
804 817
804 818
804 934
807 952
808 989
811 994
817 936
819 905
825 984
829 994
830 984
832 976
832 984
834 928
834 947
836 856
836 986
837 885
839 850
841 890
842 852
842 868
846 956
847 914
852 914
854 931
858 894
858 910
859 910
863 951
865 980
867 884
867 983
868 921
870 997
872 906
876 958
876 960
878 937
879 888
880 978
880 985
882 949
883 956
884 907
884 917
886 922
886 945
887 962
888 903
890 922
891 892
891 914
892 895
895 907
897 923
901 958
901 981
907 913
908 977
909 969
911 965
916 945
918 964
920 965
921 946
922 977
923 976
927 949
928 998
931 999
932 943
933 991
939 940
939 991
940 965
941 993
951 956
952 969
953 994
968 969
