1000 2500
0 11
0 494
0 810
0 946
0 949
0 957
0 968
1 46
1 73
1 152
1 527
1 612
1 630
1 632
1 688
1 820
2 55
2 412
2 480
2 942
2 993
3 71
3 86
3 147
3 437
3 983
4 174
4 518
4 822
5 34
5 85
5 953
5 987
6 60
6 449
6 639
6 661
6 785
7 143
8 370
8 372
8 528
8 562
8 906
8 992
9 151
9 174
9 211
9 631
9 677
10 117
10 298
10 568
10 756
10 966
11 274
11 330
11 408
11 680
11 995
12 225
12 247
12 293
12 706
13 279
13 459
13 692
13 754
13 804
13 956
14 21
14 181
14 373
14 592
14 721
14 910
14 973
15 631
15 807
15 849
15 911
16 160
16 554
16 619
16 699
17 282
18 588
18 682
18 739
18 871
19 402
19 442
20 660
21 56
21 176
21 692
21 716
21 870
21 952
22 87
22 534
22 608
22 807
22 908
22 938
22 963
23 372
23 493
23 850
24 36
24 258
24 443
24 559
24 617
24 693
24 864
24 922
25 406
25 526
25 542
25 783
25 886
26 246
26 289
26 590
26 656
26 857
26 923
26 966
27 91
27 143
27 377
27 422
27 451
27 474
27 544
27 849
28 160
29 376
29 736
30 65
30 208
30 234
30 487
30 556
31 316
31 551
31 599
31 718
31 796
32 146
32 291
32 370
32 412
32 820
32 853
32 859
32 881
32 976
33 375
33 612
33 662
33 998
34 128
34 691
34 802
34 924
35 460
35 499
35 875
36 778
37 498
37 649
37 844
37 854
37 888
37 959
38 258
38 354
38 437
38 521
38 554
39 219
39 440
39 574
39 890
40 275
40 334
40 359
40 418
40 519
40 601
40 715
40 839
41 56
41 127
41 841
41 868
41 959
42 292
42 739
43 369
43 468
43 540
43 699
43 732
43 733
43 783
43 869
43 903
44 68
44 974
45 390
45 654
45 661
45 730
45 750
45 852
46 266
46 444
46 645
46 687
46 850
46 853
47 160
47 178
47 273
47 280
47 317
47 401
47 475
47 502
47 651
47 687
47 834
48 101
48 127
48 147
48 253
48 497
48 760
48 781
49 154
49 402
49 569
49 887
50 399
50 649
50 774
50 992
51 381
51 610
51 666
51 804
52 85
52 319
52 879
53 232
53 487
53 881
54 166
54 342
54 599
54 746
55 565
55 689
55 930
56 533
56 606
56 611
56 622
56 852
57 340
57 396
57 402
57 701
57 710
57 939
58 278
58 410
58 536
58 868
58 899
59 99
59 118
59 130
59 225
59 380
59 439
59 485
59 608
59 713
59 975
59 983
60 102
60 788
60 854
61 178
61 290
61 479
61 579
61 622
61 668
61 696
61 707
62 240
62 484
62 992
63 92
63 170
63 264
63 328
63 376
63 617
63 922
64 169
64 495
64 911
65 379
65 568
65 593
65 931
65 935
65 984
65 989
66 78
66 154
66 225
66 782
66 831
66 875
67 335
67 592
67 875
67 995
68 88
68 115
68 161
68 410
68 531
68 554
68 618
68 759
68 768
69 630
69 719
69 934
70 124
70 341
70 504
70 737
70 807
70 909
71 469
71 997
72 550
72 900
72 930
72 934
73 427
73 452
73 735
73 901
73 913
75 295
75 361
75 459
75 543
75 901
76 158
76 380
76 500
76 671
77 163
77 243
77 257
77 263
77 416
78 180
78 359
78 593
78 602
79 458
80 449
80 569
80 752
80 913
81 281
81 414
81 452
81 461
81 635
81 859
82 213
82 334
82 792
82 900
83 287
83 667
84 385
84 439
84 537
85 89
85 94
85 167
85 227
85 506
85 547
85 676
85 815
85 978
86 167
86 221
86 310
86 579
86 772
87 522
87 572
87 789
88 224
88 273
88 340
88 560
88 762
88 888
88 976
89 139
89 151
89 633
89 935
90 316
90 361
90 916
90 937
91 387
91 834
92 102
92 222
92 596
92 848
93 197
93 474
93 897
94 180
94 202
94 267
94 367
94 678
94 697
95 229
95 859
96 206
96 554
96 656
96 737
97 141
97 330
97 772
98 125
98 388
98 668
98 722
99 487
99 559
99 867
100 514
101 314
101 463
102 115
102 128
102 551
102 606
102 920
103 207
103 297
103 392
103 622
103 683
103 901
104 194
104 531
104 564
104 790
105 206
105 583
105 885
106 122
106 193
106 253
106 563
106 671
106 699
106 866
107 343
107 519
107 746
107 767
107 768
107 804
109 320
109 362
109 641
109 728
109 891
109 940
109 943
109 957
110 455
110 550
110 632
110 736
110 832
111 181
112 296
112 780
113 341
113 542
113 572
113 716
114 174
114 393
115 300
115 344
115 390
115 565
115 592
115 634
115 670
115 904
115 985
116 455
116 632
116 870
116 976
117 727
117 738
117 843
118 249
118 543
118 574
118 892
118 982
119 162
119 221
119 320
119 676
119 897
120 366
120 415
120 608
120 674
120 880
120 926
121 155
121 454
121 651
121 741
122 241
122 253
122 404
122 503
122 979
123 203
123 223
123 290
123 589
123 662
123 815
123 894
123 925
124 214
124 336
124 692
124 748
124 786
125 163
125 417
125 656
125 699
125 806
126 284
126 301
126 407
126 506
126 545
126 837
127 177
127 202
127 340
127 600
128 250
128 297
128 402
128 491
128 589
128 624
128 628
128 785
129 552
129 566
129 640
129 993
130 184
130 236
130 402
130 770
130 775
130 870
130 937
131 159
131 918
132 358
132 671
132 764
133 156
133 630
134 178
134 522
134 837
135 774
136 422
136 500
136 783
137 151
137 862
137 937
137 988
138 396
138 428
138 517
138 618
138 895
139 473
139 822
139 826
139 828
139 890
140 206
140 592
141 572
141 628
141 760
142 265
142 357
142 418
142 543
142 889
143 478
143 481
143 702
144 286
144 409
144 735
144 775
144 999
145 169
145 342
145 812
146 164
146 637
146 656
146 712
147 508
147 744
147 839
148 165
148 413
148 414
148 498
148 723
149 210
149 239
149 463
149 810
149 832
150 909
151 281
151 661
151 887
152 347
152 470
152 491
152 540
152 917
153 339
153 735
153 824
153 845
153 952
154 695
154 994
155 243
156 220
156 355
156 725
156 975
157 207
157 589
157 902
158 207
158 360
158 481
159 243
159 306
159 505
160 197
160 460
160 480
160 631
160 653
160 698
160 872
161 188
161 193
161 271
161 676
162 276
162 466
162 564
162 590
162 847
162 959
163 322
164 258
164 457
164 831
165 371
165 426
165 537
165 589
165 726
166 377
166 484
166 533
166 624
166 822
166 879
167 343
167 371
167 451
167 632
167 928
168 195
168 270
168 317
169 305
169 416
169 908
169 964
170 199
170 348
170 632
170 704
171 251
171 466
171 528
171 644
171 680
171 975
172 501
172 841
172 941
173 253
173 403
173 410
173 448
173 456
173 571
173 592
173 628
173 789
173 917
173 921
173 985
174 308
174 805
174 988
175 207
175 281
175 464
175 469
175 665
175 806
175 909
176 232
176 514
176 729
177 403
177 661
177 848
177 895
178 225
178 380
178 542
178 726
178 809
178 889
179 271
179 900
179 919
180 518
180 574
180 576
180 897
180 926
181 245
181 390
181 504
181 582
181 618
181 817
182 193
182 254
182 686
183 338
183 386
183 891
184 471
185 321
185 709
185 981
185 991
186 188
186 277
186 290
186 410
186 530
186 675
186 759
186 783
186 876
186 945
186 985
187 384
187 703
187 918
188 447
188 455
188 894
189 309
189 376
189 431
189 605
189 656
189 891
190 406
190 414
190 739
190 831
190 844
190 961
191 273
191 525
191 982
192 285
192 441
192 482
192 616
192 637
192 728
192 748
192 793
193 288
193 883
193 985
194 972
195 592
195 665
195 687
195 952
195 961
196 202
196 218
196 258
196 313
196 358
196 361
196 445
196 528
196 568
196 656
197 661
197 931
198 387
198 524
198 587
198 845
199 255
199 533
199 560
199 694
199 761
199 969
201 309
201 931
202 250
202 552
202 554
202 602
202 747
202 765
202 917
203 265
203 288
203 460
203 931
203 956
203 998
204 311
204 609
205 599
205 720
205 944
206 369
206 408
206 535
206 690
206 718
206 967
207 350
207 952
208 341
208 620
208 677
208 914
209 377
209 620
209 754
210 373
210 422
210 479
210 630
210 789
210 810
211 322
211 462
211 734
211 735
212 404
212 417
212 626
212 687
213 235
213 387
213 418
214 323
214 446
214 466
214 689
214 979
215 316
215 527
215 704
215 706
215 713
215 920
215 947
216 552
216 562
216 609
216 697
216 803
217 485
217 608
218 230
218 238
218 363
218 419
218 638
218 787
218 974
218 979
219 229
219 263
219 531
219 898
220 742
220 794
221 491
221 566
221 758
221 991
222 622
222 968
223 738
223 789
223 925
224 236
224 380
224 486
224 724
224 905
224 911
225 313
225 409
225 472
225 564
225 693
225 950
225 968
225 988
226 280
226 496
226 632
226 731
226 773
227 406
228 466
228 829
229 260
229 375
229 485
229 796
229 808
230 285
230 637
230 781
231 705
232 355
232 746
233 489
234 468
234 527
234 653
234 712
234 772
234 902
235 270
235 481
235 626
235 681
235 941
236 370
236 506
236 522
236 711
236 847
236 959
236 972
237 320
237 378
237 763
238 383
238 488
238 603
238 847
238 991
239 391
239 401
239 402
239 593
239 817
240 256
240 562
240 565
240 824
240 858
240 896
241 659
242 706
242 818
243 536
243 560
243 726
244 386
244 653
244 710
245 249
245 427
245 826
246 433
246 884
247 399
247 414
247 616
247 640
247 953
248 700
248 767
248 877
248 881
249 301
249 391
249 640
250 869
251 617
251 667
251 888
252 567
252 813
252 887
253 330
253 643
253 801
254 255
254 321
254 600
254 687
254 826
254 917
255 885
256 684
257 284
257 328
257 812
257 880
257 890
257 992
258 604
258 628
258 871
258 895
258 977
259 805
259 861
259 925
260 872
261 316
261 381
261 633
261 816
262 318
262 350
262 356
262 384
262 518
262 900
262 929
263 322
263 679
264 447
264 531
264 929
265 523
265 650
265 927
266 304
266 361
266 363
266 456
266 570
267 890
267 960
268 274
268 554
268 676
268 685
268 797
268 909
268 949
268 988
269 327
269 356
269 358
269 735
269 775
269 811
270 300
270 534
270 561
270 649
270 775
270 806
271 375
271 406
271 628
271 814
272 286
272 479
272 664
272 674
272 826
272 941
273 370
273 416
273 481
273 599
273 605
273 840
274 696
274 999
275 460
275 505
275 669
276 549
277 555
277 617
277 707
278 298
278 590
278 766
278 896
279 453
279 558
279 979
280 621
280 982
281 392
281 396
281 429
281 523
281 662
281 900
281 920
281 992
282 448
282 643
283 337
283 368
283 643
283 996
284 494
284 935
285 370
285 463
285 575
285 857
285 926
285 956
285 978
286 432
286 817
286 841
287 498
288 728
288 806
289 764
289 862
289 932
290 461
290 465
290 606
290 797
290 806
291 421
291 907
291 935
292 346
292 477
292 520
292 533
292 615
292 626
292 652
292 804
292 894
292 980
293 428
293 534
294 351
294 515
294 808
295 354
295 505
295 731
296 909
298 355
298 488
298 865
298 901
299 536
299 834
300 535
300 899
301 398
301 562
301 583
301 592
301 673
301 929
304 380
304 749
304 889
304 965
305 337
305 826
305 936
306 691
306 984
307 326
307 521
307 702
307 927
307 970
308 582
308 801
309 388
309 520
310 344
310 832
310 882
311 359
311 404
311 592
311 594
311 727
311 928
311 933
312 331
312 711
312 798
313 463
313 514
313 694
313 713
314 345
314 629
314 723
314 788
314 970
315 376
315 384
315 552
315 902
316 562
316 618
316 837
317 490
317 527
318 380
318 534
318 568
318 781
318 817
319 357
319 440
319 489
320 404
320 543
320 584
320 595
320 710
320 858
320 913
321 328
321 724
321 857
321 876
321 882
322 427
322 475
322 680
322 857
322 928
323 591
323 713
323 801
324 365
324 408
324 690
324 696
324 801
324 881
325 573
325 684
325 741
325 973
326 519
326 979
327 544
327 713
327 979
328 752
329 649
330 435
330 562
330 790
330 888
330 947
331 521
331 627
333 821
334 469
334 630
334 766
335 358
335 367
335 456
335 540
335 692
335 867
335 955
336 407
336 496
336 576
336 729
336 789
336 831
336 852
336 913
337 685
337 727
337 758
337 852
337 859
337 938
337 950
339 374
339 408
339 893
340 478
340 526
340 827
340 877
340 976
341 412
341 879
341 946
341 964
342 582
343 368
343 463
343 674
343 771
343 969
344 760
345 480
345 798
345 845
346 946
347 374
347 655
348 355
348 445
348 481
349 510
349 603
350 469
350 507
351 638
351 897
351 992
352 473
352 561
352 566
352 604
352 901
352 914
353 651
353 673
353 795
353 952
354 472
354 487
354 621
354 777
354 791
355 943
356 432
357 378
357 439
357 525
357 784
357 804
357 849
358 454
358 605
358 705
359 429
359 433
359 651
359 954
359 992
360 450
360 485
360 587
360 699
360 706
360 808
361 445
361 612
361 750
362 371
362 392
362 780
363 387
363 610
364 466
364 563
364 687
364 704
364 705
364 786
365 449
365 658
365 712
366 380
366 395
366 520
366 661
366 795
366 907
366 927
367 377
367 657
368 521
368 543
368 590
368 678
368 743
368 773
368 828
368 878
368 924
368 978
369 439
369 739
370 403
370 473
371 426
371 636
371 656
371 665
371 725
371 764
371 862
372 739
372 871
372 872
372 970
373 447
373 571
373 611
373 727
373 861
374 419
374 513
374 736
374 844
374 854
375 929
376 547
376 783
376 997
377 540
377 541
377 594
377 641
377 721
377 773
377 821
377 864
378 522
378 963
379 721
379 938
380 512
380 630
381 423
381 470
381 915
381 970
382 916
383 701
384 556
384 636
384 766
384 861
385 390
385 850
385 867
385 944
386 440
386 764
386 852
386 891
386 901
386 937
388 612
388 620
388 858
388 983
389 665
390 495
390 706
391 646
391 719
391 730
391 774
392 453
393 588
393 610
393 637
394 447
396 508
396 763
397 486
397 811
398 777
399 471
399 948
400 661
400 807
400 893
400 932
401 605
401 639
402 569
402 570
402 723
402 899
403 530
403 579
403 599
403 842
403 901
403 996
404 599
404 911
405 614
406 662
406 823
407 537
407 605
407 715
407 745
408 443
408 596
408 764
408 980
409 448
409 612
409 629
409 905
410 767
410 803
411 432
411 625
411 977
413 416
413 522
413 722
413 997
414 535
414 809
414 988
415 423
415 483
415 515
415 625
415 780
417 440
417 606
417 757
417 815
417 863
417 900
418 550
418 962
419 455
419 469
419 494
419 708
419 746
419 881
419 939
420 463
420 602
420 687
420 803
421 426
421 593
421 730
421 948
422 455
422 556
422 820
423 436
423 516
423 852
424 862
424 914
426 441
426 731
427 921
427 982
428 533
428 616
428 717
429 510
429 783
429 839
429 924
430 781
430 809
430 867
431 658
431 717
431 941
433 880
433 927
434 436
434 699
434 712
434 728
434 942
435 646
435 697
435 973
436 523
436 531
436 564
438 540
438 678
438 679
438 713
438 879
439 775
440 600
440 701
440 850
441 709
441 928
442 701
442 887
442 989
443 546
443 586
443 677
443 790
443 909
444 629
444 641
444 764
444 872
445 576
445 872
445 952
446 466
446 496
447 643
447 752
447 893
448 482
450 951
451 978
452 467
452 703
453 488
453 810
454 604
454 713
455 481
455 668
455 731
455 775
455 901
455 907
455 916
455 982
456 537
456 549
456 916
457 485
457 516
457 884
458 893
459 966
460 464
460 487
460 490
460 835
460 880
461 519
461 896
463 673
463 841
463 954
464 538
464 644
464 647
464 804
464 868
464 892
464 981
465 505
465 627
466 774
467 485
467 759
467 798
467 832
468 508
469 529
469 747
470 503
470 528
470 626
470 745
471 488
472 894
473 528
473 590
473 704
473 793
473 823
474 651
474 684
474 693
474 914
475 580
476 772
476 996
477 588
477 630
477 811
477 861
478 508
478 539
478 665
478 695
478 715
478 750
478 798
478 969
479 519
480 487
480 567
480 755
480 810
480 889
481 565
481 573
481 655
481 670
481 859
482 596
482 658
482 756
483 709
483 887
484 939
485 526
485 729
486 602
486 780
487 679
488 583
489 591
489 630
489 650
489 758
489 777
489 802
490 994
490 998
491 527
491 652
491 684
491 889
491 991
492 740
492 794
493 597
493 742
495 563
495 568
495 861
497 736
497 778
497 964
498 768
498 793
499 717
499 973
500 545
500 592
500 717
500 866
501 658
501 921
501 922
502 720
502 985
503 581
503 667
503 902
504 597
504 664
504 970
505 542
506 516
506 593
508 545
508 552
508 675
508 867
508 869
508 988
509 649
509 735
510 977
510 979
511 784
511 892
511 937
512 699
512 832
512 840
513 724
513 829
514 659
514 940
515 530
515 638
515 692
515 755
515 914
516 805
516 934
517 570
518 852
518 926
518 967
519 711
519 915
519 948
520 780
520 830
520 926
521 526
521 549
521 614
521 670
521 763
522 771
522 926
523 709
523 949
524 528
524 540
524 554
524 729
525 546
525 562
525 788
525 922
526 804
527 647
527 770
528 742
529 792
529 815
529 984
530 727
531 619
531 689
531 796
531 859
531 921
531 931
531 946
532 806
534 607
534 644
535 610
535 692
536 776
536 816
536 855
537 634
538 630
538 772
538 928
539 809
539 846
540 573
540 929
540 947
540 989
541 569
541 606
541 656
541 868
542 908
543 609
543 786
543 861
543 926
544 739
544 916
544 921
545 566
545 848
545 973
546 738
546 761
546 791
546 843
546 898
546 954
547 738
547 804
547 809
548 605
548 787
548 875
549 649
549 651
549 730
549 787
549 867
550 653
550 678
551 657
551 685
551 765
551 800
552 969
553 796
553 857
554 654
554 664
554 683
554 801
555 565
555 606
555 749
555 879
556 852
558 584
558 751
558 984
559 666
559 671
560 764
560 786
561 736
563 804
564 588
564 911
564 954
565 773
565 789
566 695
566 741
566 767
567 956
568 783
568 818
568 905
569 789
569 915
569 923
570 580
570 603
570 676
570 680
570 733
570 738
570 923
572 604
572 777
572 924
574 744
574 909
574 929
575 666
576 651
576 783
576 800
576 857
576 900
577 649
577 803
579 627
580 653
580 716
580 746
581 848
582 604
582 637
582 694
582 745
582 875
582 892
583 589
583 731
583 783
583 940
584 671
584 706
584 772
584 900
586 908
587 725
587 766
588 918
589 617
589 691
590 728
590 837
590 909
591 650
591 832
592 815
593 668
593 705
593 995
594 690
594 851
595 607
595 686
595 826
595 970
595 971
596 728
596 814
596 913
596 948
597 830
597 949
598 708
598 878
600 876
600 883
601 712
601 943
602 713
602 751
603 802
603 946
604 960
606 676
607 671
607 715
607 732
607 752
608 653
608 738
608 820
609 626
609 636
609 657
609 995
610 693
610 993
611 952
612 782
612 983
613 982
614 759
614 801
614 867
615 799
616 696
616 733
616 856
617 941
618 620
618 772
619 780
619 781
620 701
620 819
620 916
622 857
623 961
624 834
624 900
625 698
625 979
625 983
626 719
627 673
627 921
628 834
628 854
629 731
629 827
629 837
631 775
632 680
632 880
634 759
635 873
635 990
636 800
636 923
637 811
637 920
637 988
639 714
639 839
641 665
641 676
642 735
642 997
643 991
645 672
645 701
645 920
646 790
646 812
648 713
648 977
649 748
649 924
649 935
650 728
650 862
651 772
651 893
651 986
652 907
652 991
653 661
653 716
655 998
656 836
656 911
657 674
657 983
658 846
659 845
660 843
660 952
661 695
663 912
664 789
665 753
665 897
665 953
666 702
667 891
668 840
668 928
668 975
669 692
669 714
669 782
669 851
670 686
670 731
670 886
672 794
673 853
673 980
674 727
674 842
676 761
677 700
677 824
677 870
677 926
678 902
679 999
680 733
680 743
680 890
681 939
683 910
686 891
687 704
687 891
689 758
689 868
689 883
690 918
692 817
693 703
693 951
693 973
694 790
696 849
696 993
699 835
700 826
700 848
700 906
702 785
703 849
703 868
704 820
705 812
705 814
705 950
706 956
706 980
707 794
708 827
708 889
708 946
709 805
709 809
709 835
709 959
710 923
714 823
715 724
715 820
717 768
719 871
720 939
721 738
721 843
722 748
722 767
722 969
724 876
724 931
724 956
725 807
726 915
727 734
730 897
731 832
732 952
732 953
734 859
736 752
736 839
736 881
737 898
737 939
737 959
738 934
738 948
738 983
739 795
739 949
741 893
741 951
741 970
741 983
743 863
743 922
744 915
745 837
747 799
747 841
748 804
749 835
750 769
751 964
752 779
752 830
753 889
753 910
753 990
754 767
754 997
755 891
756 926
758 958
758 973
759 880
761 785
761 815
761 844
761 929
761 989
762 849
762 873
764 813
764 950
765 792
765 888
766 907
767 856
768 917
768 976
770 957
773 807
774 788
774 969
776 866
776 957
777 978
779 866
779 920
780 842
781 816
782 872
783 896
784 885
785 849
785 921
787 832
787 950
789 839
790 962
791 870
791 954
791 962
793 807
793 853
794 908
796 967
799 868
799 983
800 816
800 986
801 812
802 805
802 842
803 820
806 856
806 865
806 927
806 992
807 890
808 819
809 816
812 910
812 957
813 827
813 969
815 937
815 958
816 950
818 974
820 827
820 838
820 945
822 947
823 824
825 844
825 849
826 947
829 837
829 859
833 881
837 843
837 986
838 895
839 955
840 901
841 907
841 909
841 916
843 866
845 910
845 960
847 871
850 931
851 916
852 881
852 918
853 858
855 922
855 924
855 967
856 878
857 924
857 925
858 921
860 924
862 998
866 873
866 911
867 898
867 957
867 979
868 945
868 987
868 995
869 989
870 951
870 976
871 900
871 901
875 878
875 885
875 894
878 985
880 944
880 969
882 966
884 971
885 924
886 971
888 982
889 930
889 939
890 979
892 911
893 945
897 983
898 922
901 942
901 962
904 955
904 985
907 920
912 991
916 985
926 970
928 969
936 999
941 980
942 945
946 952
953 971
956 989
958 998
961 963
963 993
985 991
996 999
