1000 2500
0 205
0 691
0 787
1 118
1 292
1 387
1 500
1 536
1 667
1 973
2 87
2 232
2 242
2 331
2 622
2 657
2 700
2 874
3 236
3 355
3 586
3 647
3 960
4 80
4 397
4 588
4 823
4 839
5 146
5 168
5 594
5 948
5 950
6 16
6 373
6 523
6 664
6 668
6 993
7 95
7 209
7 947
8 385
8 692
9 104
9 205
9 386
9 672
9 872
10 48
10 139
10 234
10 247
10 696
10 700
11 103
11 165
11 353
11 637
11 865
11 991
12 46
12 519
12 664
13 313
13 490
13 717
13 747
13 815
13 865
14 61
14 197
14 213
14 412
14 679
14 694
14 760
14 852
14 934
14 954
15 58
15 393
15 423
15 592
15 790
16 172
16 361
16 377
16 650
16 773
17 241
18 148
18 294
18 516
18 519
18 541
18 726
18 751
19 32
19 383
19 726
19 815
19 991
20 310
20 635
20 683
20 714
20 798
21 117
21 298
21 357
21 529
21 938
21 981
22 247
22 289
22 343
22 613
22 828
23 133
23 380
23 449
23 551
23 777
23 810
23 957
24 49
24 584
25 270
25 380
25 557
25 669
25 717
26 155
26 260
26 475
26 595
26 837
26 860
26 913
27 50
27 159
27 295
27 340
27 438
27 512
27 647
27 835
28 201
28 793
29 92
29 450
29 579
29 670
29 949
29 958
30 275
30 435
30 665
30 788
31 293
31 483
31 580
31 745
31 808
31 810
32 132
32 298
32 412
32 541
32 708
32 784
32 965
33 65
33 410
33 498
33 501
33 642
33 696
34 167
34 211
34 302
34 519
34 848
35 634
35 647
35 693
35 895
36 972
37 462
37 517
37 577
37 836
37 931
38 196
38 351
38 705
39 310
39 576
39 630
39 776
39 816
39 864
39 927
40 270
40 305
40 830
41 156
41 362
41 488
41 676
42 59
42 264
42 375
42 769
43 74
43 91
43 143
43 347
44 370
44 594
45 211
46 347
46 535
46 763
46 781
47 182
47 234
47 564
47 764
47 995
48 67
48 353
48 500
48 736
48 824
48 845
48 922
49 51
49 474
50 84
50 296
50 608
50 755
50 937
51 66
51 100
51 104
51 428
51 673
52 159
52 373
52 600
52 883
53 84
53 261
53 934
54 273
54 279
54 297
54 362
54 902
54 978
55 97
55 482
55 942
56 299
56 512
57 266
57 869
57 877
58 78
58 85
58 379
58 567
58 613
59 225
60 703
60 837
60 921
61 151
61 768
62 113
62 388
63 141
63 437
63 484
63 883
63 924
64 271
65 387
65 698
65 722
65 837
65 868
65 914
65 932
66 251
66 266
66 909
67 108
67 149
67 173
67 379
67 550
67 654
68 667
68 782
69 238
69 254
69 381
69 495
69 610
69 736
69 843
69 874
70 71
70 160
70 475
70 639
70 809
70 825
70 879
70 885
70 897
71 86
71 190
71 209
71 423
71 424
71 577
71 616
72 136
72 504
72 512
72 531
73 123
73 314
73 485
73 620
73 641
73 836
74 230
74 384
74 392
74 479
74 599
74 697
75 180
75 398
75 575
75 586
75 995
76 657
76 726
76 985
77 129
77 294
77 374
77 743
78 251
78 931
78 960
78 973
79 80
79 186
79 416
79 599
79 734
80 137
80 213
80 678
80 718
80 810
81 250
81 465
81 506
81 837
81 972
82 327
82 394
82 994
83 219
84 421
84 465
84 738
84 747
84 803
84 891
84 993
85 126
85 542
85 651
85 847
85 855
85 884
86 191
86 529
86 530
87 270
87 360
87 674
87 685
87 732
88 692
88 998
89 552
89 592
90 161
90 541
91 181
91 209
91 236
91 555
92 315
92 328
92 662
92 708
92 730
92 778
92 952
92 959
93 280
93 369
93 386
93 456
93 656
93 784
94 703
94 749
94 754
94 802
95 173
95 707
95 798
95 877
96 302
96 439
97 420
97 481
97 524
97 573
97 677
98 544
98 598
98 978
98 986
99 493
99 581
99 592
99 697
100 215
100 410
100 725
100 810
100 830
101 268
101 616
101 977
102 405
102 477
102 553
102 609
102 833
103 105
103 222
103 255
103 466
103 473
103 893
103 922
104 371
104 429
105 347
105 410
105 439
105 446
105 783
106 220
106 371
106 827
106 942
107 219
107 504
107 674
107 848
107 903
107 934
108 804
108 808
109 265
109 690
109 796
109 955
110 151
110 216
110 609
110 694
110 836
110 865
110 983
111 159
111 630
111 635
111 837
112 171
112 295
112 414
112 548
112 722
112 753
113 179
113 647
113 795
113 932
113 949
114 217
114 364
114 428
114 978
115 356
115 516
115 665
115 910
116 141
116 208
116 445
116 674
116 814
116 853
117 278
117 338
117 472
117 764
118 353
118 377
118 839
118 987
119 439
119 694
119 937
120 169
120 463
120 713
120 827
120 928
120 982
121 251
121 323
121 330
121 464
121 870
122 131
122 374
122 476
122 622
123 293
123 315
123 783
124 145
124 373
124 748
124 957
125 175
125 463
125 564
125 715
126 370
126 410
126 917
126 962
127 154
127 175
127 246
127 266
127 509
127 723
128 440
129 167
129 237
129 593
129 730
129 747
129 906
130 490
130 530
130 976
131 139
131 218
131 333
131 604
132 323
132 348
132 659
133 543
133 554
133 572
133 748
133 765
133 891
134 279
134 330
134 468
134 526
134 578
134 712
134 772
134 801
135 329
135 810
135 876
136 224
136 522
136 914
137 447
138 393
138 610
138 807
138 979
139 158
139 180
139 339
139 340
139 406
139 477
140 409
140 914
141 313
141 402
141 510
141 865
141 916
141 994
142 667
143 171
143 771
144 362
144 408
144 520
144 626
144 699
144 847
144 853
145 258
145 293
145 434
145 597
145 637
145 652
145 751
146 675
146 835
147 186
147 330
147 378
147 469
147 950
148 360
148 890
149 531
149 541
149 767
149 892
149 983
150 214
150 215
151 643
151 929
152 346
152 459
152 513
152 627
153 338
153 382
153 457
153 685
153 716
154 774
155 263
155 282
155 375
155 376
155 517
155 653
155 784
156 232
156 650
156 921
157 342
157 431
157 744
158 284
158 373
158 481
158 694
158 765
159 334
159 558
159 824
160 163
160 310
160 799
160 975
161 171
161 480
161 565
162 183
162 270
162 517
162 537
162 686
162 736
162 914
163 354
163 872
164 218
164 286
164 419
164 452
164 599
165 372
165 607
166 265
166 266
166 270
166 347
166 495
166 689
166 886
166 970
167 236
167 289
167 483
167 533
167 637
168 195
168 356
168 363
168 439
168 471
168 564
168 625
169 346
169 916
169 975
170 256
170 820
171 180
171 556
171 802
171 944
171 956
172 319
172 539
172 734
173 421
173 578
173 806
173 817
174 319
174 464
174 802
175 251
175 285
175 547
175 581
175 809
175 926
176 509
176 541
176 883
177 261
177 263
177 442
178 397
179 286
179 422
179 732
179 795
179 860
180 221
180 379
180 646
180 869
181 278
181 281
181 654
181 663
182 564
182 586
182 835
182 899
183 240
183 273
183 744
183 763
183 865
183 899
183 962
184 291
184 308
184 709
184 842
184 933
185 274
185 357
185 515
185 533
185 668
185 902
186 474
186 522
186 552
186 564
186 881
187 512
187 791
187 906
188 272
188 718
188 767
188 969
189 460
189 877
189 881
190 194
190 294
190 804
190 839
191 250
191 643
191 942
191 991
192 423
192 933
193 533
193 569
193 965
194 444
194 526
194 573
194 732
194 800
194 875
195 311
195 527
195 695
195 792
196 492
196 587
196 731
196 796
196 923
197 277
197 428
197 717
197 764
198 219
198 547
198 854
198 940
198 999
199 740
200 419
200 658
200 781
201 326
201 711
201 767
201 786
202 516
202 754
202 890
203 329
203 553
203 760
203 935
204 287
204 326
204 575
204 646
205 397
205 583
205 687
205 709
205 716
205 973
206 248
206 260
206 561
206 585
206 795
207 655
207 691
207 733
208 214
208 444
208 538
208 751
208 906
208 988
209 274
209 712
209 819
209 976
210 552
210 650
210 666
211 344
211 609
211 647
211 779
211 800
211 836
211 854
211 877
212 231
212 404
212 452
212 587
212 741
212 820
214 745
214 879
214 919
215 219
215 355
215 359
215 508
215 840
216 621
216 781
216 955
217 235
217 236
217 352
217 632
217 943
217 958
218 419
218 709
219 265
219 452
219 781
220 388
220 949
221 231
221 248
221 414
221 578
221 621
222 233
222 429
222 434
222 726
222 862
223 245
223 313
223 470
223 483
224 540
225 570
225 827
225 876
225 923
226 329
226 570
226 577
226 891
226 895
227 290
227 409
227 577
227 636
227 673
227 826
227 888
227 969
228 317
228 530
228 633
229 589
229 761
230 585
230 590
230 678
231 282
231 321
231 728
231 774
231 953
231 954
232 449
232 515
232 793
233 981
234 757
234 826
235 296
235 342
235 551
235 624
235 668
235 746
236 368
236 426
237 265
237 309
237 691
237 891
238 276
238 423
238 547
238 866
238 983
239 743
239 799
239 857
239 903
240 398
240 810
240 902
241 687
241 948
241 979
241 983
242 311
242 744
242 816
243 293
243 622
243 746
243 950
244 568
244 818
245 277
245 385
245 578
245 616
245 673
245 713
245 833
245 898
246 267
246 439
246 792
246 842
246 972
247 464
247 820
248 277
248 510
249 900
249 970
250 291
250 567
250 708
251 282
251 725
252 736
253 256
253 521
253 757
253 837
253 858
254 294
254 300
254 393
254 598
254 760
255 314
255 486
255 569
255 608
255 744
256 529
257 652
258 944
259 550
259 681
259 788
259 792
259 807
259 821
259 836
260 485
260 735
260 890
261 693
261 827
261 916
262 306
262 859
262 888
262 995
263 647
263 777
264 534
264 632
264 656
264 668
264 684
264 767
264 854
264 941
265 267
265 638
265 676
265 707
265 748
266 667
266 676
266 762
267 316
267 369
267 431
267 546
267 570
268 364
268 776
268 931
268 944
268 982
269 855
270 484
270 724
271 348
271 704
271 744
271 770
271 841
272 463
272 619
273 684
274 650
275 316
275 329
275 430
275 541
275 661
275 679
275 720
276 322
276 663
277 332
277 582
277 751
277 807
277 978
278 490
278 615
278 657
278 713
279 916
280 329
280 390
280 884
281 491
282 671
283 403
283 437
283 691
283 951
284 306
284 396
284 812
285 585
285 598
285 659
285 667
286 342
286 527
287 325
287 507
287 569
287 712
287 986
288 362
288 583
288 630
288 744
288 949
289 298
289 316
289 343
289 556
289 566
289 685
289 689
289 748
290 402
290 483
290 883
291 421
291 423
291 540
291 575
291 650
291 999
292 402
292 455
292 621
292 796
292 912
293 342
293 523
293 809
293 974
294 721
294 732
294 749
294 974
295 424
295 525
295 577
295 874
296 344
296 546
296 764
296 966
297 730
298 624
298 630
298 644
298 984
299 344
299 431
299 546
299 673
300 360
300 385
300 410
300 562
300 794
300 890
300 973
301 473
301 585
301 660
301 931
302 478
302 728
302 755
302 806
302 882
303 322
303 357
303 380
303 628
303 635
303 865
304 499
305 430
305 660
305 723
305 802
306 393
306 467
306 477
306 500
306 529
307 940
308 338
308 598
308 626
308 776
308 997
309 329
309 337
309 388
309 521
309 666
309 725
309 904
309 941
309 966
310 652
310 699
310 700
310 857
310 878
311 729
311 911
312 509
312 741
312 761
312 866
312 968
313 520
313 573
313 642
313 738
313 820
313 850
314 481
314 520
314 544
314 859
315 406
315 646
315 885
316 624
316 992
317 566
317 613
317 926
318 326
318 357
318 421
318 464
318 788
318 906
318 923
318 932
319 517
320 468
320 740
320 775
320 803
321 397
321 469
321 493
321 569
321 655
321 692
322 345
322 720
322 904
323 460
323 652
323 719
324 342
324 366
324 430
324 555
324 608
324 651
324 853
324 861
325 568
325 716
325 728
325 843
325 931
326 767
326 825
326 924
327 409
327 501
327 657
327 919
328 333
328 376
328 403
328 450
328 641
328 776
328 790
328 801
328 848
328 943
329 517
329 618
331 571
331 635
331 875
331 919
332 422
332 830
332 928
332 967
333 439
333 521
333 639
333 670
333 928
334 532
334 574
334 636
334 780
334 808
335 477
335 701
335 837
335 885
335 896
337 557
337 570
337 793
337 958
338 646
339 660
339 778
339 971
339 991
340 659
340 745
340 754
340 909
341 458
341 645
341 928
342 599
342 692
342 790
342 938
343 504
343 541
343 562
343 819
343 854
343 998
344 794
344 896
344 945
345 369
345 465
345 580
346 444
346 707
347 417
347 522
349 639
350 474
350 651
350 806
350 951
351 665
351 834
352 404
352 724
352 890
352 991
353 371
353 436
354 539
354 541
354 549
354 607
355 478
355 919
356 380
356 427
356 509
356 600
357 524
357 823
357 924
358 536
358 704
359 422
359 847
359 939
360 451
360 560
360 643
360 937
361 433
361 925
362 668
362 693
363 452
363 491
363 826
363 883
363 926
364 495
364 514
364 836
365 404
365 744
366 380
366 612
366 880
367 871
367 996
368 468
368 537
368 619
368 887
368 981
369 618
369 736
370 670
370 933
370 967
371 556
371 739
371 974
372 539
373 728
374 463
374 500
374 572
374 605
374 736
374 830
375 464
375 929
376 547
376 884
376 896
376 985
377 536
377 572
377 581
377 613
377 627
378 759
378 968
379 517
379 669
379 995
380 533
380 621
381 493
381 631
382 570
382 899
383 545
383 578
383 986
383 994
384 629
384 660
384 663
384 934
385 388
385 523
385 609
385 776
385 901
385 964
386 577
386 583
386 600
386 616
386 836
386 867
388 394
388 640
388 755
389 488
389 579
389 709
390 415
390 646
390 708
390 775
391 463
391 552
391 809
391 996
392 462
392 524
392 916
394 613
394 683
394 706
394 923
394 962
395 602
395 659
396 496
396 559
396 605
397 398
398 427
398 503
398 613
398 837
398 985
399 513
399 705
399 953
400 746
401 528
401 645
401 692
401 774
402 683
402 700
402 793
403 949
404 442
404 453
404 591
404 660
404 670
404 737
405 458
405 572
405 597
405 900
406 969
407 549
407 676
408 475
408 535
408 558
408 583
408 661
408 726
408 948
408 975
409 441
410 786
410 998
411 668
411 676
411 785
411 912
412 604
413 582
414 425
414 724
414 757
415 684
415 872
416 426
416 644
416 770
417 423
417 520
417 920
418 623
418 818
418 877
419 539
419 542
420 479
420 512
421 768
421 984
422 501
422 590
422 730
424 628
424 652
424 661
424 711
425 839
426 441
426 798
426 812
426 946
427 453
427 578
427 621
427 893
428 432
428 681
428 738
428 770
428 994
429 465
429 549
429 694
430 462
430 479
430 767
431 452
431 674
431 855
431 899
431 995
432 535
432 751
432 991
433 546
433 924
434 709
434 854
435 909
436 568
436 830
436 928
437 676
437 730
437 766
437 797
437 819
437 942
438 615
438 995
439 511
439 853
439 886
439 929
440 535
440 625
440 824
440 848
440 916
441 594
442 726
443 484
443 735
443 799
443 809
443 823
443 882
444 542
444 830
445 706
445 726
446 580
446 656
446 659
446 995
447 462
447 856
447 968
448 592
448 611
449 486
449 542
449 742
450 881
451 555
452 488
452 708
452 742
452 831
453 638
454 459
454 561
454 613
454 972
455 782
455 816
455 865
455 921
456 627
456 671
457 563
457 660
457 779
458 479
458 803
459 468
459 558
460 726
460 781
461 464
461 812
461 827
461 930
462 482
462 893
463 658
463 739
463 803
463 851
464 739
464 790
464 841
464 988
465 535
465 887
466 482
466 537
466 865
467 755
467 822
467 938
468 728
468 762
468 936
468 939
468 992
469 971
470 615
470 718
470 783
471 507
471 887
472 477
472 558
472 596
472 631
472 718
472 832
473 807
473 986
474 575
475 660
476 836
478 500
478 655
478 900
479 589
479 833
479 866
480 490
480 520
480 693
481 704
482 548
482 613
482 975
483 958
483 988
484 638
484 793
484 937
485 547
485 563
485 569
485 654
485 915
485 981
486 664
486 671
486 672
486 797
486 863
486 890
486 898
487 520
487 547
487 549
487 759
487 795
487 975
488 964
489 899
489 951
490 568
491 609
491 650
492 711
492 951
493 578
493 644
493 659
494 537
494 731
494 786
494 791
494 851
494 968
495 728
495 896
495 906
496 529
497 771
497 871
497 879
498 584
499 627
499 967
500 968
500 975
501 527
501 577
502 715
503 540
503 623
503 931
504 787
505 786
505 875
506 584
506 684
506 791
506 876
506 891
506 901
507 672
507 739
507 976
507 994
508 553
509 598
509 625
510 642
510 648
510 705
510 758
511 617
513 589
513 954
513 994
514 954
515 516
515 633
515 639
515 805
515 942
516 610
516 951
517 522
517 989
517 994
518 627
518 832
518 930
519 755
519 835
519 869
520 585
520 786
521 916
522 525
522 614
522 660
523 635
523 684
523 882
523 929
524 587
524 939
525 769
525 785
525 931
526 626
526 855
526 920
526 939
527 529
527 568
527 885
528 745
528 759
529 648
529 725
529 887
530 633
530 781
531 541
534 608
534 771
534 812
534 840
535 885
535 922
536 540
536 604
536 897
537 625
537 697
537 988
538 671
538 715
539 572
539 659
539 744
540 626
540 780
541 631
541 707
542 645
543 552
543 871
543 930
544 691
544 730
544 853
545 587
545 783
545 828
546 772
546 806
546 890
547 669
547 781
548 575
548 931
549 590
549 660
549 727
549 751
549 758
549 793
549 825
549 835
550 616
550 659
550 874
551 626
551 665
551 835
552 589
552 683
553 692
554 565
554 636
554 676
554 734
554 747
555 751
555 891
556 663
556 666
556 855
556 900
557 731
557 903
557 909
558 755
558 907
558 979
559 845
561 889
562 693
562 762
562 983
563 706
563 710
563 724
563 754
563 849
564 661
564 740
564 858
564 967
565 568
565 576
565 759
566 767
566 863
566 960
567 630
567 716
567 816
567 889
567 944
567 964
567 990
568 884
568 908
569 669
569 864
570 572
570 678
570 718
570 795
570 816
570 953
572 604
572 804
572 857
573 891
574 658
574 899
574 911
575 756
575 822
575 936
576 669
576 836
576 899
577 891
577 925
578 662
578 950
579 607
579 671
579 750
581 864
582 762
582 819
582 832
582 900
583 825
583 967
584 644
585 645
586 687
586 926
587 610
588 720
588 757
588 814
588 847
588 853
589 784
589 972
589 995
591 661
591 869
591 890
591 900
592 849
593 853
593 917
594 785
595 926
596 619
596 929
597 808
598 902
599 643
599 840
599 889
600 841
601 743
601 971
602 892
603 612
603 708
603 776
603 870
605 624
605 939
606 619
606 636
606 957
607 679
607 806
607 926
608 810
609 696
609 980
609 989
610 824
610 883
611 623
611 808
611 887
612 719
613 776
614 653
615 865
616 868
617 633
617 713
617 883
617 910
617 931
617 995
618 657
618 660
618 790
618 859
618 885
619 647
619 945
619 964
620 662
620 705
620 744
622 818
622 895
623 902
624 770
624 866
625 671
625 707
625 785
625 917
626 627
626 673
626 904
627 910
627 945
629 854
629 860
629 975
630 731
630 750
632 656
632 715
632 986
633 755
633 771
633 787
633 858
634 875
634 932
635 914
635 923
636 806
636 817
636 937
637 718
637 739
638 962
639 703
639 745
639 755
639 958
639 980
640 683
641 693
641 809
641 993
642 936
642 997
643 683
643 853
644 936
645 992
646 697
648 808
650 920
651 781
651 798
651 837
652 693
655 767
655 821
655 933
656 697
656 964
657 753
657 759
657 929
657 975
658 662
658 676
658 947
659 962
660 666
660 982
661 728
661 887
662 780
662 893
663 945
664 712
664 853
665 895
666 692
667 947
668 771
668 806
669 710
669 740
669 944
671 782
672 840
672 932
673 998
674 725
674 836
674 911
676 699
676 856
677 874
678 720
678 735
679 779
682 816
682 989
683 890
683 939
684 881
684 925
685 762
686 691
686 966
686 978
687 723
687 891
688 868
689 946
689 979
690 767
690 972
691 976
692 739
692 769
693 860
694 921
696 784
698 902
698 938
698 978
699 810
699 850
699 982
700 951
700 984
701 826
702 722
702 763
702 811
703 739
704 802
705 728
705 739
705 917
706 720
706 795
707 773
708 826
708 840
708 905
708 942
709 801
709 849
709 886
709 912
709 946
711 779
711 883
711 947
711 959
711 984
711 995
713 733
713 816
713 911
713 985
714 802
715 729
715 780
715 944
715 969
716 740
716 805
716 931
716 967
718 880
718 919
719 799
719 821
719 894
720 726
721 732
721 883
721 982
722 993
723 864
723 941
724 878
725 838
725 855
725 860
726 954
727 739
728 789
729 946
730 933
731 825
731 925
734 803
734 979
735 923
736 788
736 796
736 813
736 890
738 766
739 825
739 904
739 923
739 955
739 992
741 963
742 913
743 869
743 974
744 986
745 790
746 834
747 771
749 875
749 972
750 762
750 878
750 921
751 913
752 894
753 836
754 835
755 866
757 801
759 873
761 993
762 816
762 972
764 974
765 926
765 952
766 971
766 998
767 843
767 982
767 992
769 871
770 899
773 980
775 867
776 835
776 926
777 785
777 798
778 942
779 820
779 843
779 964
782 961
783 827
783 830
783 899
785 854
785 898
788 940
789 957
789 958
791 793
791 825
791 896
793 910
796 984
797 825
797 902
802 853
808 885
810 863
810 964
811 826
812 823
812 921
813 963
814 930
815 982
817 998
819 836
822 968
824 933
831 876
831 881
833 936
834 963
835 863
835 979
835 991
837 874
837 918
837 919
838 906
840 909
840 983
841 851
842 903
845 876
846 968
846 989
850 968
853 997
854 991
856 938
858 939
860 913
862 877
862 890
863 937
863 997
864 936
869 962
870 974
870 983
870 987
871 915
871 938
871 961
872 910
872 995
873 978
874 930
874 973
875 899
881 909
883 988
886 973
889 964
890 957
890 981
891 951
893 946
894 943
896 949
897 966
897 985
902 975
906 937
907 944
908 974
909 927
911 917
920 984
930 947
934 997
936 986
938 964
940 965
945 971
945 994
953 978
955 982
960 962
960 983
967 978
973 998
976 983
993 995
