1000 2500
0 64
0 99
0 272
0 388
0 620
0 742
0 813
0 940
0 978
1 31
1 81
1 310
1 700
1 861
2 376
3 95
3 321
3 345
3 514
3 682
3 713
4 81
4 241
4 773
4 942
5 38
5 141
5 264
5 378
5 731
6 33
6 42
6 317
6 482
6 840
7 89
7 160
7 256
7 320
7 529
7 718
7 996
8 33
8 276
8 809
9 801
10 61
10 75
10 141
10 264
10 421
10 578
10 667
10 715
10 799
11 103
11 302
11 318
11 446
11 550
11 756
11 888
12 37
12 121
12 436
12 705
13 510
13 675
14 121
14 204
14 250
14 331
14 450
14 579
14 716
14 745
15 321
15 335
15 582
15 711
15 913
16 350
16 607
16 696
16 792
17 75
17 77
17 431
17 553
17 636
17 876
17 935
17 955
18 450
18 633
18 667
19 551
19 773
19 854
20 135
20 699
20 972
21 148
21 329
21 340
21 344
21 762
21 876
21 927
22 355
22 671
22 735
22 806
22 857
23 46
23 570
23 790
24 573
24 647
24 686
24 922
25 34
25 58
25 105
25 559
25 658
25 696
26 453
26 468
26 887
26 973
26 993
27 471
27 665
27 958
28 287
28 401
28 422
28 457
28 618
28 707
28 722
28 760
29 409
29 784
29 827
29 839
30 137
30 246
30 459
30 623
30 868
31 56
31 551
32 258
32 448
32 464
32 972
33 643
33 729
33 749
33 785
33 900
34 47
34 100
34 636
34 674
34 702
35 207
35 303
35 602
35 701
35 730
36 120
36 345
36 407
36 444
36 457
36 679
36 922
36 941
36 957
37 542
37 543
38 89
38 279
38 339
38 414
38 440
38 641
38 657
38 738
38 843
39 164
39 186
39 534
39 610
39 949
39 979
40 467
40 504
41 108
41 250
41 284
41 301
41 322
41 342
41 457
41 515
41 656
41 695
41 822
42 247
42 640
42 646
43 169
43 250
43 594
43 789
43 982
43 986
44 309
44 749
44 921
45 411
45 544
45 648
46 368
46 434
46 440
46 696
46 770
46 858
46 901
46 958
47 844
48 90
48 303
48 732
48 960
49 254
49 321
49 804
49 939
50 250
50 371
50 576
50 924
51 68
51 133
51 405
51 516
51 526
52 209
52 313
52 513
52 715
52 752
52 848
53 207
53 273
53 684
53 758
54 106
54 722
54 963
55 125
55 406
55 460
55 507
55 587
55 598
55 635
55 842
56 219
56 638
56 827
57 417
57 425
57 528
57 592
57 992
58 112
58 489
58 494
58 715
59 154
59 233
59 511
59 597
59 656
59 698
59 925
60 87
60 133
60 214
60 456
60 486
60 843
60 979
61 71
61 89
61 284
61 302
61 406
61 418
61 610
61 813
62 96
62 256
62 314
62 636
62 927
63 124
63 899
63 918
64 128
64 319
65 125
65 209
65 497
65 751
66 167
66 238
66 693
66 788
67 120
67 306
67 493
67 674
67 895
67 953
68 228
68 689
69 553
69 581
69 984
70 262
70 296
70 569
70 611
70 668
70 888
71 83
71 232
71 641
72 87
72 888
73 153
73 304
73 313
73 539
73 655
73 729
74 330
74 544
74 611
74 614
74 696
74 782
74 892
74 931
74 944
75 174
75 199
75 529
75 776
75 939
76 531
76 690
76 908
77 974
78 559
78 887
78 987
79 103
79 382
79 766
79 799
80 898
80 915
81 244
81 383
81 385
81 441
81 673
81 836
81 889
81 982
82 177
82 500
82 699
83 87
83 217
83 508
84 150
84 838
85 434
85 451
85 505
85 937
86 205
86 517
86 822
86 877
86 890
86 962
87 296
87 365
88 351
88 532
88 655
88 856
89 252
89 294
89 329
89 721
89 737
89 889
89 914
90 268
90 375
90 439
90 535
90 813
90 996
91 257
91 263
91 327
91 729
92 197
92 232
92 444
93 181
93 622
93 687
93 867
94 287
94 400
94 731
94 809
95 153
95 183
95 606
95 647
95 657
95 711
95 930
96 435
96 468
96 539
96 613
96 673
96 724
97 177
97 364
97 775
98 192
98 217
98 301
98 375
98 682
98 735
98 800
98 828
98 856
99 182
99 605
99 999
100 341
100 388
100 861
100 866
100 926
101 192
101 285
101 418
101 467
101 944
102 537
102 581
102 890
103 156
103 731
103 955
104 453
104 496
104 971
105 317
105 363
105 576
105 595
105 687
105 744
105 955
106 131
106 148
106 640
106 696
107 135
108 288
108 315
108 475
108 903
109 639
109 923
109 934
110 226
110 240
110 625
111 327
111 904
111 959
112 460
112 733
112 796
113 130
113 370
113 552
113 654
113 951
114 195
114 267
114 369
114 609
114 921
115 306
115 434
115 565
115 975
116 132
116 229
116 278
116 443
116 611
116 660
116 688
116 691
116 793
116 840
116 867
117 350
117 754
118 124
118 269
118 274
118 471
118 786
118 861
118 885
119 260
119 366
119 533
119 571
119 684
120 192
120 430
121 172
121 275
121 355
121 493
121 771
121 898
121 994
122 734
123 578
123 626
123 640
123 653
123 821
123 865
123 879
123 967
124 164
124 246
124 413
126 547
126 808
126 863
127 143
127 303
127 740
128 167
128 356
128 398
128 400
128 451
128 485
128 633
128 778
128 896
129 195
129 628
129 894
130 244
130 545
130 748
131 595
131 661
131 756
131 976
132 474
132 853
133 181
133 397
133 848
134 392
134 468
134 512
134 523
134 901
135 431
135 743
136 299
136 325
136 408
136 783
136 916
136 936
137 219
137 416
137 598
137 966
138 823
139 227
139 368
139 372
139 459
139 724
139 876
139 893
139 921
140 277
140 820
141 475
141 787
142 871
142 891
143 769
143 817
143 916
144 189
144 332
144 855
145 214
145 398
145 530
145 716
145 782
145 810
145 821
145 951
146 773
147 257
147 349
147 460
147 519
147 551
147 690
147 945
148 190
148 372
148 589
148 798
148 812
148 873
148 902
148 921
149 225
149 343
149 424
149 791
149 821
150 441
150 445
150 760
150 995
151 343
151 853
152 297
152 409
152 748
152 837
152 862
153 497
153 729
153 895
154 282
154 423
154 644
154 915
155 443
155 484
155 530
155 707
155 714
155 726
155 984
156 276
156 404
156 545
156 718
156 974
156 975
157 400
157 971
158 966
159 318
159 435
159 561
159 588
159 868
159 960
160 256
160 522
160 777
161 271
161 440
161 466
161 842
162 252
162 529
162 616
162 688
162 832
162 905
163 460
163 808
164 257
165 258
165 851
165 866
165 891
165 910
166 541
166 878
166 898
167 743
167 878
168 289
168 625
168 723
169 241
169 305
169 613
169 742
169 918
170 291
170 495
170 511
170 631
170 649
171 307
171 707
171 708
172 727
172 736
173 404
173 444
173 569
173 839
174 607
174 611
174 629
174 903
175 520
175 534
175 571
175 798
176 291
176 476
176 649
176 746
176 761
176 789
176 880
177 335
177 379
177 474
177 681
177 701
177 864
179 412
179 486
179 564
179 973
180 218
180 246
180 261
180 380
180 435
180 831
180 855
180 955
181 318
181 504
181 511
181 577
182 572
182 845
183 649
183 682
183 890
184 266
184 292
184 646
184 819
184 836
185 366
185 668
185 994
186 476
186 547
186 793
186 833
186 897
187 259
187 336
187 420
187 815
187 960
187 963
188 210
188 344
188 626
188 969
189 380
189 718
189 831
189 972
189 975
190 308
190 693
190 750
190 877
191 419
191 458
191 697
191 716
191 815
192 202
192 209
192 691
192 957
193 343
193 429
193 579
193 699
193 728
193 751
194 248
194 458
194 676
194 701
196 413
196 705
196 843
196 890
197 219
197 221
197 321
197 358
197 471
197 495
197 665
197 855
197 873
197 902
198 843
198 872
199 422
199 478
199 566
199 721
199 783
200 323
200 542
200 971
201 434
201 481
201 850
201 930
202 251
202 308
202 321
202 421
203 244
203 938
203 969
204 352
204 606
204 639
204 724
204 855
204 882
204 976
204 979
205 226
205 356
205 379
205 436
205 833
205 886
206 869
206 920
207 561
207 763
207 824
208 242
208 261
208 283
208 861
209 215
209 348
209 353
209 422
209 486
209 585
209 678
210 234
210 683
210 765
211 304
211 687
211 797
211 961
212 440
212 495
212 518
212 730
212 998
213 279
213 469
213 477
214 317
214 418
214 599
214 684
214 694
214 802
215 697
215 892
216 300
216 321
216 489
216 567
216 945
217 374
217 588
218 453
219 251
219 268
219 470
220 598
221 341
221 615
221 826
221 983
221 991
222 357
223 351
223 585
223 770
223 906
224 283
224 712
225 393
225 402
225 630
225 671
225 699
225 947
226 358
226 417
226 549
226 696
227 516
227 673
228 690
228 730
228 740
228 839
228 843
229 456
229 500
229 569
229 670
229 747
229 969
230 466
230 667
231 461
231 475
231 578
231 615
231 632
231 995
232 515
232 527
232 818
233 574
233 598
234 357
234 832
235 557
235 595
235 850
235 915
235 968
236 281
236 323
236 457
236 705
237 238
237 406
237 509
237 727
237 852
238 373
238 766
239 470
239 533
239 544
240 343
241 243
241 284
241 541
241 592
241 659
241 733
241 764
242 649
242 743
242 814
243 680
244 927
244 982
245 333
245 692
245 862
246 282
246 835
246 881
248 452
248 487
248 669
248 806
248 858
249 318
249 449
249 513
249 574
249 714
249 810
249 990
250 366
250 394
250 666
250 955
251 480
251 524
251 535
252 269
252 331
252 362
252 396
252 437
252 552
252 630
252 953
252 969
253 560
253 959
254 961
255 892
256 265
256 484
256 588
256 662
256 836
257 653
257 710
258 628
258 934
259 378
259 390
259 479
259 750
259 787
259 919
260 525
260 563
260 647
260 695
260 783
260 788
261 291
261 760
261 892
262 421
262 484
262 693
262 914
263 731
264 317
264 575
264 841
264 859
265 325
265 601
265 639
265 807
266 271
266 302
266 560
266 878
267 426
267 464
267 923
268 641
268 669
268 875
268 886
268 901
268 998
269 306
269 324
269 392
269 463
269 632
269 824
269 850
270 368
270 650
270 815
270 869
270 952
271 382
271 471
271 610
271 835
272 560
273 400
273 535
273 555
273 556
273 918
274 568
274 595
274 648
274 821
274 857
274 895
275 424
275 678
276 630
276 955
276 983
278 611
278 708
278 844
278 906
279 325
279 745
279 753
280 502
280 530
280 610
280 692
280 701
280 750
280 871
280 925
281 677
281 927
282 285
282 410
284 751
284 955
285 353
285 411
285 575
285 887
285 982
286 440
286 706
286 717
286 833
287 467
288 605
288 770
289 511
289 836
289 905
289 953
290 505
290 560
291 343
291 547
291 599
291 703
291 862
292 640
292 671
292 675
292 749
292 990
293 532
293 735
294 454
294 492
295 478
295 501
295 613
295 851
295 891
295 933
296 317
296 634
297 444
297 543
298 461
298 944
299 381
299 625
299 690
299 946
300 453
300 595
300 741
300 871
301 305
301 761
302 305
302 810
303 686
304 483
305 583
305 625
306 317
306 549
306 993
307 724
307 824
307 850
308 616
308 665
308 805
308 847
308 928
308 940
308 979
309 643
309 699
310 404
311 377
311 779
311 879
312 488
312 569
312 684
312 719
312 744
313 822
313 909
314 402
314 549
314 554
314 673
314 900
314 914
315 403
315 499
315 579
315 769
316 549
316 718
317 703
317 860
317 953
318 341
318 417
318 456
318 889
318 914
318 962
319 472
319 607
319 950
320 526
320 693
320 779
321 341
321 433
321 784
322 371
322 449
322 873
322 892
322 911
323 603
323 731
323 794
324 568
324 623
324 738
325 376
325 853
325 932
325 941
325 958
325 983
326 409
326 425
326 611
326 658
326 696
326 874
327 616
327 751
328 910
328 918
329 376
329 388
329 505
329 788
329 843
329 868
329 989
330 437
330 883
330 930
331 400
331 988
332 544
332 560
333 521
334 681
334 771
334 852
334 976
335 458
335 529
335 696
335 788
335 968
335 982
336 378
336 516
336 543
336 763
337 553
337 630
337 685
337 727
337 828
337 980
338 409
338 487
338 545
338 570
338 601
338 786
338 842
338 965
339 476
339 700
340 558
340 615
340 835
341 600
341 911
341 993
342 446
342 666
343 772
344 363
344 595
344 744
345 639
345 674
346 466
346 607
346 639
346 799
347 715
347 836
348 695
348 754
348 784
348 934
349 368
349 663
350 398
350 597
350 626
350 665
350 725
351 420
351 720
351 848
351 921
352 489
352 766
353 359
353 834
353 844
354 798
354 834
354 969
355 561
355 799
355 804
355 839
355 984
356 539
356 623
356 659
356 793
357 491
357 515
357 790
358 566
358 591
358 593
358 871
359 523
359 647
359 718
359 842
360 508
360 682
360 828
361 543
361 616
361 692
361 731
362 436
362 635
362 718
363 867
364 803
364 996
365 515
365 669
366 378
366 422
366 450
366 540
366 552
366 699
367 414
367 530
367 593
367 614
367 762
367 936
368 403
368 427
368 474
368 726
368 737
369 496
369 568
369 745
369 917
370 569
370 847
370 976
371 539
371 965
372 466
372 590
372 809
372 828
373 489
373 562
373 580
373 925
374 402
374 463
374 600
374 704
374 776
375 416
375 504
375 681
375 735
375 781
376 504
376 744
377 410
378 497
378 525
378 686
379 416
379 525
379 622
380 519
380 681
380 704
380 730
380 831
383 461
383 782
383 890
384 399
384 786
384 898
384 944
384 977
385 428
385 780
386 625
386 710
387 548
387 631
388 451
388 737
389 571
389 673
389 692
389 764
389 771
389 828
390 506
390 644
390 692
390 725
391 656
391 702
391 881
391 959
391 975
392 619
392 636
392 845
392 935
392 961
393 482
393 533
393 601
393 897
394 432
394 511
394 608
394 686
394 934
394 989
395 475
395 493
395 845
395 967
396 444
396 572
396 595
396 772
396 964
397 547
397 915
397 925
397 962
398 732
398 927
398 982
399 722
399 767
400 430
400 547
400 621
401 415
401 582
401 666
401 728
401 969
402 749
402 761
402 815
402 855
403 631
403 703
404 689
404 976
405 443
406 616
407 658
407 694
407 931
407 938
408 561
409 431
409 520
409 576
409 674
409 736
410 821
411 478
411 739
411 776
412 470
412 989
413 720
414 951
414 971
415 463
415 513
416 695
416 801
416 982
417 531
417 569
417 635
418 426
418 591
418 639
419 432
419 737
420 458
420 770
421 434
421 485
421 678
421 935
422 552
422 751
422 862
423 457
423 626
423 664
423 826
423 863
424 629
424 745
424 782
424 923
425 480
425 906
426 495
426 789
426 991
427 656
427 859
428 507
429 523
429 578
429 662
430 720
430 732
431 452
431 502
431 578
431 698
431 939
432 693
432 794
432 804
432 873
433 848
433 870
433 890
434 699
434 823
434 926
435 479
435 562
435 613
435 619
435 745
436 471
437 671
437 719
437 921
438 476
438 536
438 564
438 587
438 668
438 743
438 838
438 897
438 969
439 532
439 838
439 951
440 452
440 499
440 614
440 617
440 698
440 854
440 995
441 516
442 952
443 574
443 639
443 668
444 448
444 501
444 536
444 600
445 516
445 535
445 663
445 792
445 793
445 908
446 531
446 738
446 773
446 787
446 896
447 619
447 691
447 786
448 712
448 746
448 903
449 581
449 710
449 750
450 820
450 843
451 671
452 529
452 830
452 832
453 498
453 636
453 713
454 460
454 612
454 726
455 653
456 592
456 648
456 651
456 685
457 794
458 541
458 582
458 973
459 544
459 611
459 799
459 825
459 911
460 580
461 654
461 711
461 844
461 909
462 560
462 626
462 636
462 731
462 848
462 963
463 748
463 835
464 499
464 551
464 682
464 689
465 612
466 478
467 490
467 616
467 736
467 799
467 818
467 938
468 678
468 988
469 553
469 576
469 585
469 687
469 796
470 479
470 488
470 562
470 565
471 951
472 666
473 632
473 655
473 683
473 816
473 881
474 479
474 609
474 653
474 975
475 555
476 788
476 880
476 991
478 564
478 658
479 834
480 565
480 830
481 742
481 894
482 737
482 843
482 882
483 713
483 797
484 495
484 920
485 560
485 576
485 602
485 603
485 803
485 851
486 818
486 831
486 873
487 547
487 625
487 842
488 617
488 938
489 641
489 657
489 667
489 682
491 738
491 821
491 985
493 728
493 807
493 841
493 869
493 932
494 778
495 638
495 694
495 849
495 957
496 766
497 581
497 596
497 745
497 797
497 868
498 827
499 572
499 587
499 621
499 851
500 659
501 531
501 536
501 696
502 582
502 683
502 958
503 566
503 632
503 855
503 966
504 691
504 857
504 937
505 715
506 700
506 832
506 877
507 662
507 971
508 542
508 681
508 772
508 904
509 537
509 696
509 844
509 930
510 527
510 633
511 645
511 752
511 917
513 677
513 831
513 929
514 515
515 522
517 687
517 788
517 839
517 976
518 597
518 748
518 812
518 917
519 594
520 566
520 811
521 692
522 679
523 646
523 797
524 598
525 649
525 806
525 842
525 955
525 963
526 578
526 645
526 777
526 938
527 547
527 572
527 689
527 710
527 895
527 936
527 937
527 965
529 570
530 663
530 866
530 944
531 624
532 602
532 807
532 915
533 715
534 555
534 647
534 816
535 616
537 793
537 863
537 874
539 712
539 730
540 597
541 572
541 813
541 886
542 831
543 649
543 706
543 784
543 974
544 600
544 634
545 577
546 609
546 639
546 980
547 639
547 853
548 612
548 760
549 834
549 847
550 607
550 754
550 758
550 852
551 622
551 693
551 723
551 799
551 832
552 677
552 971
553 849
553 871
554 671
555 688
555 795
556 598
556 753
557 573
557 698
558 886
558 941
558 995
559 726
559 772
559 842
560 888
560 932
562 645
562 651
562 855
563 641
563 835
564 605
564 638
565 625
565 900
566 998
567 833
567 958
567 972
569 737
570 665
570 670
570 822
570 845
571 612
571 896
572 577
572 719
572 889
572 989
573 865
575 643
575 706
575 708
576 711
576 725
576 758
576 777
576 830
577 824
577 928
578 782
578 785
579 583
579 908
580 768
583 600
583 827
583 969
584 821
585 588
585 953
586 666
587 739
587 846
588 932
590 600
590 777
590 844
591 606
591 738
592 755
592 924
594 634
594 695
594 994
596 598
596 767
597 789
598 839
598 863
598 918
599 936
599 943
600 604
600 975
600 991
601 828
601 836
601 909
601 968
602 782
602 786
602 963
603 635
603 686
603 849
603 993
605 782
606 707
607 684
607 802
608 788
609 635
609 715
610 782
610 925
611 819
611 858
612 715
612 770
612 851
614 619
614 647
614 913
615 883
616 650
616 664
616 896
616 915
617 850
618 622
618 718
618 992
619 749
619 955
620 666
620 995
621 796
622 656
622 951
623 894
624 892
625 639
625 975
627 738
627 822
628 928
629 730
629 945
630 637
630 638
631 666
631 671
631 796
631 877
631 953
631 981
633 646
633 671
633 845
633 906
633 936
633 942
634 642
634 717
634 722
634 817
635 792
635 932
638 882
639 796
640 710
640 798
640 825
641 721
641 816
641 849
643 740
643 821
643 863
644 792
644 859
644 903
645 758
645 817
645 897
646 994
647 664
647 852
648 891
650 726
650 996
651 702
651 813
651 868
651 929
652 889
653 829
653 879
653 944
656 762
656 788
656 815
659 676
661 722
661 878
662 708
662 862
663 740
663 741
663 793
664 768
664 796
664 828
664 905
665 759
666 685
666 903
667 945
668 833
668 868
669 682
669 693
669 756
669 802
669 803
670 697
670 785
670 808
670 944
670 967
671 827
671 875
671 965
672 733
672 792
674 732
674 782
674 797
674 890
675 695
676 879
676 900
676 976
677 706
677 833
677 920
678 850
679 775
679 802
679 838
679 884
679 967
680 737
680 964
681 966
683 880
684 759
684 815
684 831
684 975
685 992
686 691
686 762
687 755
688 900
688 915
688 963
689 834
691 716
691 718
691 859
691 885
692 983
694 711
694 822
694 849
694 884
695 775
695 828
696 948
697 833
697 886
698 734
698 954
698 988
700 742
700 950
702 705
702 954
703 847
703 929
706 783
706 929
707 785
709 733
709 950
711 826
711 894
712 852
713 762
713 853
713 971
714 809
714 875
714 970
715 884
716 917
717 914
717 915
717 943
719 762
719 830
720 775
721 844
721 929
722 852
722 868
723 838
724 757
724 853
725 933
726 807
726 856
726 996
727 922
728 848
728 941
729 788
731 992
732 742
733 923
734 845
734 852
734 883
734 915
734 959
735 820
735 852
735 969
736 864
736 926
742 925
742 990
743 793
743 857
744 800
744 980
745 792
745 820
745 880
745 886
746 766
746 921
747 836
747 896
749 831
750 877
750 882
750 950
751 759
751 765
751 883
751 984
752 827
753 981
754 941
757 923
758 910
761 811
761 932
762 802
762 826
762 834
762 889
763 772
766 985
767 813
767 941
769 820
769 844
770 893
770 973
771 822
773 958
774 798
774 828
774 831
775 796
775 973
776 815
776 818
776 972
776 983
778 885
780 929
781 902
781 929
782 891
783 842
783 944
783 965
784 922
785 872
785 902
785 929
785 988
786 810
786 912
787 887
787 896
787 993
788 807
788 966
789 875
791 913
792 853
793 819
793 830
793 909
797 821
800 855
800 932
800 987
802 877
803 850
803 892
804 939
806 889
806 969
806 977
807 817
807 829
809 832
809 939
809 990
810 920
810 968
810 993
810 995
811 984
812 841
812 952
813 824
813 929
813 958
815 877
816 965
817 840
817 850
820 912
820 990
821 918
822 985
823 832
823 872
823 954
823 980
826 888
828 840
828 955
829 941
829 967
830 963
830 974
831 886
832 995
834 865
834 954
835 923
839 898
839 917
839 985
842 893
842 956
843 847
844 908
844 919
846 903
846 934
848 883
848 940
848 993
849 946
852 897
854 867
854 949
856 957
856 967
857 863
858 873
858 886
862 908
862 912
869 909
872 910
875 937
877 935
877 999
879 956
884 892
893 899
897 921
900 981
905 922
905 983
906 992
907 935
912 994
912 995
913 943
915 969
925 982
932 950
932 987
933 940
934 996
935 949
935 968
936 957
938 939
942 988
945 966
945 999
949 978
956 988
957 981
958 975
966 993
967 985
968 975
971 974
974 988
980 996
