1000 2500
0 7
1 93
1 335
1 857
1 894
1 953
2 477
3 59
3 221
3 258
3 262
3 314
3 623
3 668
3 864
3 926
4 497
4 716
4 893
5 59
5 345
5 501
5 591
5 594
5 805
5 844
5 900
6 23
6 393
6 552
6 732
7 107
7 131
7 240
8 564
8 636
8 820
9 636
9 842
9 888
9 954
10 372
10 602
10 637
10 792
10 816
11 16
11 92
11 244
11 247
11 725
11 781
11 963
12 86
12 153
12 448
12 759
12 837
13 516
13 799
13 985
14 269
14 684
14 765
14 798
15 684
15 809
15 829
15 898
16 91
16 143
16 201
16 627
16 684
17 614
17 764
18 156
18 202
18 333
18 637
18 688
18 953
19 126
19 132
19 395
19 526
19 927
20 154
20 285
20 347
20 515
20 701
21 417
21 426
21 430
21 576
21 661
21 908
21 978
22 177
22 310
22 369
22 780
23 94
23 372
23 532
23 577
23 677
23 780
23 805
23 875
24 149
24 288
24 322
24 336
24 568
24 609
25 143
25 463
25 783
25 800
25 857
26 144
27 326
27 385
27 408
27 503
27 538
27 691
27 855
27 930
28 113
28 424
28 428
28 472
28 780
28 885
28 928
29 254
29 272
29 347
29 478
29 671
29 722
29 856
29 886
29 939
29 957
30 33
30 197
30 245
30 385
31 281
31 494
31 701
31 734
32 84
32 435
33 361
33 736
33 999
34 83
34 431
34 543
34 827
34 949
35 295
35 316
35 466
35 587
35 639
35 693
35 796
35 916
36 643
36 675
36 830
37 269
37 483
37 522
37 572
37 731
37 766
38 104
38 143
38 183
38 591
38 653
38 837
39 124
39 147
39 225
39 310
39 316
39 499
39 549
39 550
39 566
39 568
39 637
39 876
39 885
40 144
40 333
40 378
40 570
40 665
41 379
41 682
42 167
42 521
42 643
43 119
43 159
43 632
43 699
43 725
43 755
43 943
44 510
44 890
44 956
45 281
45 411
45 460
45 476
45 911
45 913
46 475
46 506
46 991
47 54
47 63
47 930
47 943
47 948
49 82
50 190
50 770
51 463
51 513
51 621
51 634
51 686
51 703
51 990
52 577
52 670
52 708
52 747
52 923
52 978
53 255
53 435
53 715
53 890
54 73
54 775
54 817
55 168
55 583
55 636
55 913
56 133
56 233
56 380
56 415
56 624
56 807
57 93
57 251
57 269
57 344
57 430
57 438
57 450
57 804
58 533
58 870
58 985
59 125
59 898
60 68
60 114
60 127
60 371
61 149
62 65
62 207
62 249
62 277
62 487
62 508
63 255
63 259
63 282
63 557
64 81
64 367
64 393
64 478
64 736
64 774
64 822
65 353
65 731
66 149
66 549
66 558
66 688
67 245
67 250
67 338
67 620
67 630
68 192
68 231
68 652
68 820
68 831
68 857
68 859
68 918
69 164
69 269
69 301
69 645
69 764
70 768
70 936
71 259
71 284
71 396
71 624
71 747
71 915
72 516
72 700
72 825
72 959
72 985
73 118
73 180
73 332
73 426
73 508
73 565
73 878
74 300
74 309
74 328
74 512
74 599
75 493
75 735
75 881
75 918
75 946
76 425
76 599
76 663
76 785
76 874
76 892
76 982
77 115
77 261
77 445
77 893
77 952
78 360
78 589
78 754
78 804
78 914
79 132
79 497
79 630
79 658
79 769
79 798
80 448
80 500
80 623
80 630
80 686
81 175
82 413
82 489
82 594
82 867
82 871
82 994
83 130
83 320
83 465
83 762
83 933
84 163
84 167
84 240
84 287
84 429
85 107
85 111
85 879
85 951
86 322
86 751
87 557
87 758
87 866
87 882
87 910
88 379
88 794
88 944
89 474
89 482
90 128
90 698
90 708
90 985
91 315
91 877
92 173
92 500
93 115
93 165
93 320
93 453
93 458
93 520
93 528
93 557
93 584
93 656
93 673
94 119
94 374
94 568
94 767
94 961
94 974
95 172
95 247
95 738
95 951
96 498
96 935
97 486
97 523
97 747
98 211
98 261
98 664
98 797
99 187
99 479
99 602
99 681
99 707
99 817
100 132
100 456
101 130
101 237
101 401
101 421
101 440
101 553
101 568
101 614
101 666
101 812
101 958
102 493
102 861
102 906
102 929
102 991
103 452
103 738
103 889
103 972
103 999
104 459
104 469
104 623
104 635
104 959
105 112
105 129
105 458
105 583
105 661
106 111
106 418
106 691
106 851
106 908
107 209
107 330
107 387
107 507
107 584
107 676
107 951
107 998
108 202
108 395
108 620
109 148
109 244
109 616
109 664
109 930
110 206
110 315
110 701
110 834
110 861
111 308
111 396
111 507
111 658
111 716
111 795
111 935
111 972
112 502
113 365
113 639
113 679
113 781
113 835
114 258
114 352
114 732
115 185
115 512
115 627
116 214
117 267
117 286
117 539
117 572
117 828
117 872
117 965
118 326
118 425
118 485
118 589
118 781
118 835
119 260
119 486
119 578
119 884
119 914
120 180
120 510
120 771
120 827
120 845
120 985
121 138
121 188
121 446
121 628
122 612
123 192
123 906
124 469
124 507
124 513
124 746
124 749
124 799
125 299
125 337
125 419
125 574
125 723
126 231
126 656
126 794
127 404
127 741
127 963
128 225
128 286
128 464
128 704
128 729
128 966
129 481
129 626
130 204
130 521
130 646
130 710
130 720
131 232
131 255
131 322
131 367
131 675
131 695
131 825
131 921
132 184
132 233
132 316
132 407
132 490
132 545
132 928
132 987
133 228
133 374
133 382
133 525
133 981
134 547
135 447
135 668
135 717
135 744
135 762
136 738
136 940
137 535
137 617
137 702
137 766
137 857
137 987
138 186
138 399
138 527
138 586
138 607
138 735
138 800
138 826
138 857
138 872
138 908
139 267
139 360
139 874
140 969
141 438
141 683
141 788
141 814
142 415
142 430
142 657
142 730
142 734
142 842
142 950
143 214
143 343
143 858
144 360
144 393
144 507
144 958
144 990
145 255
145 371
145 562
145 663
145 881
145 938
146 254
146 994
147 167
147 230
147 586
147 962
148 280
148 328
148 746
148 781
148 862
148 882
149 272
149 367
149 520
149 543
150 223
150 479
150 595
150 797
150 881
151 540
151 959
152 170
152 578
153 205
153 292
153 545
153 824
154 180
154 453
154 514
154 910
154 958
155 161
155 300
156 194
156 302
156 480
156 741
156 982
157 461
157 641
157 858
158 354
158 535
158 680
159 545
159 861
160 468
160 678
161 189
161 450
161 537
161 731
161 886
162 232
162 263
163 356
163 377
163 702
163 757
164 186
164 242
164 714
164 718
164 855
164 941
165 693
165 777
165 901
165 985
166 712
166 723
166 768
167 231
167 373
167 489
167 586
167 649
167 772
167 823
168 222
168 476
168 549
168 620
169 174
169 216
169 315
169 787
169 804
169 940
170 529
170 671
170 732
170 819
171 384
172 322
172 631
172 698
172 780
172 792
172 935
172 995
173 179
173 187
173 247
173 394
173 674
173 784
173 960
173 995
174 271
174 642
174 704
174 884
174 965
175 285
175 298
175 630
176 234
176 259
176 387
176 417
176 941
176 944
176 971
177 260
177 362
178 245
178 278
178 283
178 848
178 931
178 956
179 730
180 242
180 415
180 421
180 505
180 854
180 869
181 184
181 294
181 660
181 723
182 768
182 935
183 623
183 887
184 382
184 710
184 905
185 194
185 286
185 407
185 738
185 743
185 966
186 465
186 610
186 753
186 783
186 846
186 928
187 801
188 293
188 296
188 314
188 387
188 651
188 733
188 741
188 811
188 842
188 988
189 289
189 739
190 208
190 376
190 811
190 882
190 890
190 959
191 289
191 418
191 713
191 868
192 327
192 390
192 480
192 756
193 206
193 598
193 624
193 934
194 706
194 841
195 213
195 233
195 248
195 516
195 993
196 361
196 925
196 992
197 261
197 410
197 439
197 509
197 563
197 592
197 896
197 924
197 959
198 209
198 250
198 906
199 341
199 482
199 557
199 906
200 201
200 532
200 862
201 294
201 403
201 483
201 523
202 295
202 592
202 725
203 378
204 491
204 567
204 568
205 444
205 468
205 686
205 924
206 418
206 794
207 297
207 316
207 558
207 630
207 766
208 474
208 751
209 272
209 334
209 355
209 374
209 404
209 421
209 465
210 427
210 888
210 912
211 554
212 296
212 959
213 381
213 557
214 259
214 541
215 626
216 247
216 578
216 654
216 808
218 229
218 277
218 540
218 610
218 626
218 956
219 855
220 273
220 634
220 699
220 701
220 821
220 824
221 494
221 604
221 921
221 942
222 233
222 273
222 506
222 590
222 768
222 944
223 496
223 724
224 356
224 375
224 520
224 623
224 768
224 965
224 999
226 446
226 553
226 944
227 544
228 312
228 314
228 480
228 593
228 881
229 382
229 545
229 651
229 658
230 244
230 313
230 436
230 842
231 398
232 384
232 420
232 525
233 270
233 338
233 675
234 358
234 512
234 867
235 271
235 418
235 688
236 292
236 558
236 574
236 978
237 686
237 801
237 859
238 418
238 671
238 783
239 856
239 869
239 947
240 386
240 560
240 595
240 657
241 435
241 450
241 657
241 686
241 814
241 868
242 247
243 351
243 361
243 374
243 609
243 672
243 719
243 863
244 732
244 995
245 270
245 362
245 453
246 332
246 424
246 432
246 594
247 254
247 561
247 688
248 489
248 693
248 851
248 995
249 505
249 652
249 820
249 884
249 903
250 391
250 506
250 681
250 729
250 753
250 939
250 968
251 409
251 921
252 291
252 302
252 325
252 327
252 338
252 574
253 283
253 662
253 920
254 710
254 861
255 319
255 706
256 880
257 527
257 606
257 826
257 910
258 455
258 651
258 669
258 693
258 820
258 922
259 372
259 597
259 723
259 751
260 591
260 809
260 811
261 387
261 500
261 771
262 328
263 265
263 356
263 467
263 541
263 750
263 835
263 942
264 607
264 658
264 868
265 303
265 309
265 354
265 469
265 490
265 633
265 736
265 813
265 953
266 471
266 566
266 745
267 561
267 644
267 667
267 859
267 896
268 301
268 553
268 591
268 774
268 819
268 827
269 888
269 960
270 320
270 681
270 786
270 837
270 881
271 595
271 665
271 811
271 981
272 375
272 625
272 666
272 901
273 546
273 727
273 942
274 402
274 649
274 689
274 697
275 431
275 663
275 771
276 368
276 404
276 745
277 383
277 420
277 456
277 612
277 793
277 947
278 644
279 321
279 770
279 799
280 447
280 693
280 787
280 861
280 865
280 909
280 919
281 875
281 976
282 339
282 379
282 432
282 518
282 614
282 668
282 796
283 820
284 991
286 642
287 810
288 449
288 623
288 682
290 412
290 495
290 549
290 950
291 504
291 513
291 883
292 347
292 398
292 502
292 608
292 953
293 386
293 687
293 949
294 642
294 664
294 916
295 665
295 704
295 875
296 549
296 603
297 354
297 376
297 501
297 590
297 598
298 660
299 355
299 404
299 465
299 493
299 566
299 732
300 641
300 712
300 814
300 865
300 934
300 959
301 435
301 564
301 701
303 404
303 500
303 928
303 955
304 353
304 495
304 936
305 942
306 406
306 534
306 967
307 891
308 491
308 558
308 726
308 761
308 807
308 833
309 517
309 560
309 870
310 729
311 553
311 567
311 659
311 759
311 913
311 982
312 660
312 742
313 499
313 754
313 901
313 946
314 431
314 768
314 813
314 835
315 626
315 755
315 960
316 393
316 651
316 663
316 832
316 907
317 385
318 390
318 652
318 670
318 889
318 984
319 862
319 882
320 458
320 631
320 715
321 385
321 400
321 408
321 449
321 943
322 660
322 888
323 335
323 455
323 673
323 891
323 898
324 417
325 893
326 433
326 694
326 731
326 997
327 375
327 534
327 948
328 573
328 810
328 812
329 504
329 625
329 703
329 929
330 366
330 387
330 985
331 889
332 356
332 423
332 957
333 414
333 507
333 804
334 350
334 386
334 765
334 891
335 818
336 393
336 525
336 583
336 721
336 858
337 863
337 865
338 510
338 786
339 449
339 515
339 806
340 389
340 591
340 597
340 600
341 493
341 649
341 725
341 807
341 955
342 554
342 556
342 640
342 860
343 425
343 448
343 468
344 457
344 746
344 993
345 819
345 889
346 348
346 638
346 738
347 751
347 815
347 826
348 733
349 434
349 911
349 958
350 865
350 871
351 389
351 400
351 447
352 523
352 599
352 686
353 569
353 896
354 355
354 421
354 541
354 923
355 566
355 931
355 942
357 894
358 522
359 734
359 739
359 985
360 391
360 527
360 825
360 842
361 500
361 777
362 734
362 828
362 854
362 905
362 975
363 618
363 747
363 776
363 936
364 439
364 569
364 598
364 637
364 885
364 992
364 998
365 417
365 509
365 733
366 638
366 798
366 970
367 476
367 493
367 554
367 679
367 928
367 942
368 491
368 532
368 996
369 396
369 644
369 682
369 796
369 914
370 614
370 994
373 606
373 709
373 901
374 583
374 584
374 647
375 406
375 410
375 593
375 598
375 709
375 738
375 831
375 914
376 488
376 523
376 681
376 984
377 983
378 414
378 556
378 814
379 627
379 628
379 753
379 916
380 407
380 415
380 760
381 476
381 925
381 952
382 493
382 561
382 664
383 424
383 490
383 561
383 639
383 911
384 509
384 531
384 866
385 676
385 892
385 948
385 996
386 642
386 672
386 673
386 788
386 847
386 848
387 555
387 569
388 506
388 618
388 829
388 946
388 978
389 403
389 536
389 708
389 784
389 791
390 496
390 500
390 783
390 887
390 898
391 442
391 649
391 945
392 503
392 587
392 884
393 400
393 409
393 431
393 452
393 607
393 741
393 883
394 481
394 693
395 585
395 627
395 632
395 709
395 730
395 733
396 440
396 473
397 498
397 756
397 875
398 435
398 665
398 848
398 911
398 978
399 643
399 913
399 975
400 695
400 777
400 809
400 867
400 948
401 539
401 702
401 750
401 826
401 882
401 894
402 657
403 808
404 689
404 739
404 746
405 504
405 655
405 669
406 905
406 936
406 943
407 984
408 416
408 464
408 525
408 689
408 903
408 995
410 430
410 671
411 430
411 452
411 768
411 935
411 947
412 583
412 749
412 844
413 456
413 462
413 490
413 655
413 782
413 919
413 950
414 483
414 556
414 803
414 848
414 875
414 954
415 431
415 838
415 939
416 630
416 744
416 816
417 418
417 536
417 612
417 937
418 490
418 720
418 978
419 906
420 722
420 823
420 844
420 936
420 998
421 692
421 749
422 586
422 620
423 713
423 848
423 870
424 662
424 954
425 781
427 491
427 815
429 460
429 559
429 633
429 936
430 610
430 620
430 718
430 736
431 458
431 477
431 615
431 627
431 652
431 681
432 869
433 525
433 951
433 994
434 714
434 839
434 860
434 909
435 868
435 962
436 449
436 536
436 636
436 721
436 756
437 625
437 825
438 487
438 566
438 579
438 689
438 808
439 990
440 628
440 746
440 818
440 881
441 478
441 627
441 966
442 507
442 732
442 734
442 968
443 602
443 655
443 681
443 910
444 456
445 465
445 677
445 770
445 941
445 984
446 534
446 777
446 797
447 550
447 596
447 809
447 846
448 554
449 479
449 680
449 837
450 758
450 788
450 906
450 955
451 747
451 796
451 858
451 885
451 975
451 980
452 531
452 548
452 591
452 729
452 736
452 739
452 975
453 661
453 859
453 931
454 609
454 891
454 895
455 486
455 527
455 659
455 704
455 849
455 890
456 640
456 988
457 530
457 679
458 470
458 478
458 616
458 706
458 782
458 878
458 880
458 903
459 523
459 805
459 861
459 944
459 998
460 647
460 855
461 645
461 777
461 954
463 692
463 765
463 896
463 950
463 966
464 836
464 909
464 928
465 486
465 820
466 520
466 721
466 736
466 768
467 660
468 870
468 953
469 653
469 889
469 993
470 512
470 610
470 673
470 726
470 922
471 663
471 738
471 990
472 718
473 802
473 873
474 839
474 908
474 967
475 513
475 602
475 910
476 783
476 800
476 822
476 847
477 686
478 724
479 932
479 941
479 949
479 992
480 562
480 705
480 766
480 806
481 955
481 967
482 489
482 576
482 597
483 665
483 681
483 843
484 993
485 559
485 614
485 716
485 864
485 999
486 974
487 497
487 627
487 738
487 894
488 500
488 980
489 582
490 984
491 529
491 543
491 603
491 876
492 546
492 633
492 638
492 886
493 576
493 615
493 674
493 687
494 638
494 937
495 511
495 710
495 766
496 779
497 580
497 720
497 851
497 852
497 855
498 597
498 622
498 660
498 965
499 620
499 770
499 892
500 799
500 814
500 906
500 975
501 781
501 797
501 825
502 733
503 705
504 522
504 581
504 583
504 611
504 631
504 690
504 837
505 685
505 755
505 917
506 635
506 693
507 517
507 859
507 860
509 782
509 808
510 533
510 570
510 683
510 927
510 952
511 678
511 691
511 791
512 666
512 694
513 544
513 609
513 766
513 788
514 823
514 998
515 528
515 550
515 653
516 978
517 611
517 762
518 853
519 700
519 826
519 869
520 726
520 737
520 882
520 909
521 712
522 757
522 793
522 796
522 847
522 871
523 706
523 805
523 882
524 626
524 711
524 833
525 703
525 802
525 972
526 830
527 993
528 636
528 670
528 857
528 971
530 652
530 947
531 645
531 756
531 809
531 870
532 693
533 829
533 843
533 963
534 569
535 742
535 749
535 821
535 911
535 945
535 986
536 581
536 797
538 938
539 903
541 618
541 736
542 797
543 931
544 675
545 612
545 885
545 928
546 576
546 794
546 940
547 682
547 915
548 560
548 670
550 678
550 902
551 589
551 871
552 635
552 688
552 781
552 844
552 980
552 987
554 643
554 729
554 766
555 608
556 684
556 783
556 819
556 864
557 596
558 666
559 847
559 854
560 966
562 727
562 789
562 805
563 613
564 586
564 749
564 933
565 751
565 774
565 829
566 593
566 710
566 958
566 978
567 732
567 783
568 607
569 797
571 667
571 691
571 950
572 635
572 988
573 952
575 710
575 823
575 877
576 586
576 995
577 609
577 647
577 656
577 695
577 697
577 715
577 819
577 917
578 655
578 658
578 702
579 682
579 923
580 598
580 733
581 704
581 747
581 793
581 923
582 667
582 674
582 804
582 815
582 830
583 628
583 950
584 641
586 636
586 833
587 640
587 687
587 918
587 985
588 604
589 737
589 745
589 810
589 876
589 979
591 703
592 801
592 824
592 896
592 953
592 960
593 754
593 883
594 596
594 616
594 844
595 619
595 873
595 894
599 650
599 792
600 661
600 853
601 661
602 657
602 830
603 761
603 855
604 967
605 657
606 949
607 706
607 738
607 845
607 903
607 987
608 843
609 928
610 777
610 962
611 895
612 988
613 733
613 896
613 951
614 650
614 873
614 993
615 799
616 789
617 779
617 810
617 821
617 871
618 813
619 673
619 679
619 832
620 676
620 748
620 811
620 977
622 829
622 870
623 875
623 987
624 773
624 805
625 681
625 696
625 740
625 944
626 703
626 769
627 694
628 708
629 786
631 789
631 831
631 886
631 985
632 753
632 978
633 922
634 684
634 811
634 846
635 828
637 804
637 883
638 655
638 761
638 787
639 653
639 935
640 869
641 819
641 943
642 917
643 759
643 965
643 991
644 721
645 665
645 768
645 897
646 802
646 997
647 855
647 857
648 887
649 685
650 758
651 751
651 818
651 913
652 752
652 918
653 881
653 911
654 669
654 731
654 800
654 972
655 764
655 826
655 901
656 692
656 712
656 846
656 856
658 672
660 855
660 992
661 719
661 739
661 740
661 882
661 905
662 663
662 685
664 709
664 854
665 677
665 884
665 927
666 711
666 806
666 871
667 670
668 719
668 861
670 777
670 987
671 713
671 733
671 758
672 926
673 911
674 970
675 753
675 793
675 954
676 695
676 742
676 864
677 823
680 972
681 692
682 886
683 848
683 869
684 751
685 788
685 817
685 829
685 976
686 721
686 745
686 866
686 902
686 921
687 871
688 774
688 813
688 869
688 983
689 707
689 828
690 770
690 822
690 839
692 985
693 725
694 765
694 826
694 867
695 814
695 850
695 893
697 725
697 730
697 810
697 965
698 751
699 752
699 873
700 719
700 778
700 787
700 789
700 999
705 810
706 822
707 834
707 845
707 890
707 945
708 733
708 757
709 768
710 793
710 891
710 907
710 949
710 970
710 973
712 820
712 897
713 725
713 783
715 728
715 823
715 829
715 952
715 994
715 998
716 835
716 884
717 737
718 848
719 866
719 899
722 840
722 946
723 936
724 925
725 853
725 947
725 971
726 752
726 775
727 855
727 893
727 996
729 979
730 789
731 975
733 798
734 739
735 789
736 853
736 925
738 772
738 902
740 849
740 919
742 779
742 901
742 956
744 754
745 864
746 762
749 839
749 914
752 945
753 832
753 932
754 953
755 839
758 875
761 848
762 874
764 977
765 868
766 792
766 905
767 934
768 888
769 909
771 958
772 914
772 992
773 977
775 866
776 806
776 809
776 850
776 858
776 914
776 998
779 949
780 859
780 892
780 950
780 956
781 883
781 931
782 807
783 862
784 903
785 978
786 888
789 932
793 806
793 918
793 939
793 958
794 952
795 798
795 887
795 927
796 876
796 966
797 839
797 974
798 951
799 949
801 912
801 919
801 962
801 991
803 875
803 896
803 913
804 896
805 929
806 875
807 819
807 929
808 932
809 914
809 950
811 842
811 869
811 916
811 939
811 942
813 994
814 845
815 936
816 876
816 899
817 928
818 844
818 877
818 907
819 882
821 950
826 898
826 970
827 944
828 944
828 982
829 871
830 866
830 951
831 945
831 967
833 859
835 845
835 926
836 892
838 879
838 942
838 991
841 904
842 989
846 932
847 961
852 984
855 868
856 887
857 866
857 907
858 945
858 959
858 979
859 879
861 905
866 945
869 911
870 936
872 961
874 975
876 891
877 886
878 951
878 976
879 985
880 949
881 901
881 950
883 893
884 887
884 951
887 909
893 922
893 947
897 986
898 917
903 998
905 955
911 932
911 961
912 964
918 954
919 945
922 969
923 979
924 941
927 958
930 958
932 948
932 984
933 962
936 942
941 996
943 960
945 961
950 989
951 994
956 971
980 986
983 984
