1000 2500
0 139
0 336
0 417
0 613
0 646
0 807
0 851
1 292
1 338
1 602
1 791
1 969
1 998
2 126
2 555
2 864
3 200
3 480
3 941
4 94
4 142
4 279
4 544
4 657
4 733
4 781
5 281
5 285
5 407
5 597
5 665
6 391
6 476
6 891
6 918
7 33
7 102
7 662
7 850
7 861
8 9
8 33
8 234
8 290
8 437
8 653
8 667
8 843
8 873
9 123
9 174
9 258
9 673
9 826
9 893
10 24
10 641
10 642
10 805
10 832
11 12
11 316
11 355
11 510
11 622
11 735
11 934
11 949
12 257
12 557
12 743
13 504
13 715
14 239
14 286
14 306
14 402
14 600
14 796
14 931
15 124
15 371
15 625
15 775
15 798
15 997
16 136
16 810
16 843
16 911
17 363
17 514
17 542
17 739
17 850
17 915
17 924
18 313
18 517
18 671
19 351
19 512
19 773
19 826
19 943
20 201
20 537
20 901
21 85
21 727
21 733
21 962
22 465
23 105
23 534
23 608
23 730
24 228
24 243
24 258
24 437
24 466
24 545
24 724
24 773
24 929
25 109
25 181
25 203
25 335
25 780
26 285
26 713
26 762
26 767
26 847
27 210
27 326
28 319
28 320
28 322
28 454
28 493
28 686
29 45
29 95
29 201
29 217
29 218
29 491
29 898
30 283
30 290
30 313
30 393
30 614
30 635
31 316
31 326
31 523
31 739
32 66
32 82
32 385
32 687
32 784
32 912
33 73
33 174
33 181
33 507
33 917
33 933
34 251
34 752
35 120
35 474
35 611
35 664
36 187
36 441
36 549
36 765
36 862
36 990
37 285
37 607
37 661
37 831
38 104
38 906
38 922
38 929
38 981
39 53
39 179
39 193
39 464
39 522
39 541
39 588
39 674
39 710
39 746
39 773
40 53
40 716
40 927
41 43
41 277
41 578
41 720
41 871
42 313
42 436
42 577
43 238
43 528
43 682
43 968
44 58
44 208
44 477
44 507
44 513
44 658
44 693
44 966
45 437
46 271
46 387
46 535
47 249
47 364
47 544
47 769
47 929
47 969
48 151
48 215
48 554
49 686
49 701
49 719
49 945
49 948
50 123
50 197
50 254
50 295
50 546
50 581
50 625
50 703
50 751
51 149
51 703
51 837
51 911
52 367
52 502
52 588
52 625
52 993
53 248
53 708
53 743
53 966
54 57
54 278
54 696
55 298
55 808
55 898
56 173
56 359
56 365
56 708
56 715
56 743
57 73
57 115
57 287
57 374
57 518
57 544
57 769
57 778
58 158
58 229
58 321
58 407
58 498
58 565
59 335
59 554
60 186
60 246
60 394
60 645
60 711
61 455
61 682
61 804
62 72
62 519
62 627
62 742
63 303
63 857
63 882
63 908
63 954
64 89
64 159
64 500
64 726
65 233
65 293
65 395
65 409
65 452
65 674
66 232
66 633
66 717
66 809
67 394
67 508
67 532
67 808
67 982
68 148
68 236
69 149
69 196
69 281
69 487
69 488
70 91
70 138
70 343
70 449
70 594
70 620
70 771
71 155
72 107
72 145
73 84
73 163
73 898
73 950
73 956
74 354
74 686
75 405
75 671
75 679
75 806
75 974
76 226
76 470
77 362
77 681
77 882
77 913
77 970
77 988
78 99
78 137
78 487
78 639
78 743
78 772
78 778
78 831
78 858
78 949
79 365
79 949
80 351
80 726
80 942
81 522
81 644
81 884
82 571
82 657
83 273
83 349
83 820
83 959
84 290
84 360
84 484
84 787
84 851
85 206
85 263
86 214
86 215
86 317
86 540
86 681
86 720
87 103
87 313
87 512
87 650
87 778
87 840
88 160
88 201
88 312
88 392
88 465
88 598
88 668
88 715
89 210
89 571
89 592
90 961
91 357
92 400
92 825
92 826
93 336
94 213
94 327
94 684
94 769
94 921
94 938
95 96
95 112
95 174
95 887
96 185
96 324
96 788
96 879
96 889
97 380
97 507
97 525
97 559
97 777
97 920
97 961
97 987
98 145
98 235
98 632
98 672
98 820
99 333
99 600
99 705
99 730
99 816
99 866
99 975
100 140
100 167
100 246
100 257
100 385
100 664
100 719
100 969
101 291
101 373
101 587
101 885
101 989
102 164
102 343
103 250
103 367
103 561
103 569
103 584
103 886
104 289
104 414
104 903
105 203
105 274
105 573
105 959
106 447
106 494
107 299
107 385
107 587
107 661
108 205
108 300
108 629
108 762
109 177
109 730
110 410
110 540
110 561
110 723
111 393
111 517
111 640
111 829
112 424
112 713
112 893
112 899
113 784
113 943
114 129
114 200
114 238
114 252
114 349
114 395
114 502
114 735
114 842
114 940
114 982
115 397
115 925
116 252
116 385
116 571
116 664
116 728
116 825
116 847
116 904
117 404
117 520
117 663
118 199
119 561
119 732
120 512
120 593
120 697
120 708
121 187
121 231
121 272
121 479
122 448
122 556
122 632
122 678
123 125
123 363
124 156
124 207
124 408
124 958
125 472
125 650
125 901
125 955
126 221
126 567
126 874
126 886
126 915
126 993
127 255
127 418
127 588
128 543
128 631
128 731
128 758
129 382
129 418
129 698
130 215
130 245
130 262
130 611
130 701
130 764
130 803
130 868
130 967
131 575
131 592
131 847
131 922
132 202
132 493
132 793
132 882
133 307
133 468
133 596
133 766
133 859
134 273
134 345
134 415
134 500
134 601
134 739
134 931
135 301
135 921
136 564
136 679
136 849
136 857
136 911
137 617
137 622
137 651
137 868
137 986
138 343
138 440
138 468
139 239
139 303
139 328
139 563
139 700
139 841
140 218
140 312
140 385
140 430
140 658
140 733
140 874
141 182
141 370
141 684
141 998
142 392
142 398
142 429
142 509
142 551
143 237
143 404
143 471
143 498
143 732
143 794
143 954
143 964
144 332
144 898
145 238
145 280
145 475
145 620
145 800
146 367
146 549
146 714
147 181
147 500
147 612
147 668
147 878
147 906
148 152
148 244
148 633
148 902
149 400
149 434
149 551
149 680
149 899
149 998
150 181
150 572
150 637
150 970
151 582
151 593
151 617
151 638
151 746
151 864
151 872
152 515
152 623
152 663
152 738
152 792
152 954
152 956
153 418
153 898
154 615
154 842
155 200
155 286
155 423
155 437
155 448
155 731
155 822
155 831
155 837
156 198
156 541
156 599
156 668
156 672
156 787
156 957
157 322
157 561
157 901
158 315
158 470
158 574
159 697
159 715
159 823
159 902
160 345
160 449
160 515
160 543
161 383
161 717
161 776
162 243
162 265
162 268
162 809
162 853
162 873
163 240
163 445
163 545
163 729
164 249
164 344
164 837
164 905
164 972
165 271
165 373
165 403
165 811
166 448
166 694
167 171
167 536
167 995
168 474
169 192
169 219
169 324
169 564
169 623
169 625
169 998
170 270
170 850
170 871
170 889
170 968
171 209
171 210
171 563
171 882
171 960
172 304
172 658
172 746
172 769
172 850
172 863
172 900
173 465
173 556
173 682
173 764
174 210
174 297
174 838
175 740
175 964
176 200
176 509
177 202
177 243
177 256
177 449
177 733
177 753
177 885
178 261
178 274
178 549
178 722
178 930
179 278
179 353
179 409
179 719
179 840
179 889
180 264
181 445
181 568
181 917
181 964
182 334
182 345
182 574
183 322
183 336
183 391
183 603
184 227
184 353
184 425
184 525
185 223
185 242
185 884
185 980
186 528
186 726
186 791
186 915
186 934
186 967
187 300
188 306
188 502
188 623
188 962
189 408
189 485
189 846
189 876
189 993
190 252
190 329
190 341
190 407
190 417
190 537
190 572
190 622
190 683
190 692
190 757
190 897
191 201
191 225
191 459
191 463
191 486
191 775
191 961
191 973
192 547
192 730
193 214
193 444
194 204
194 463
195 546
195 763
195 826
195 864
195 885
196 271
196 289
196 569
196 784
196 828
196 900
196 961
197 291
197 347
197 433
197 520
197 543
197 676
198 316
198 472
198 492
198 719
199 684
199 775
199 847
199 869
200 612
200 829
200 881
201 839
201 917
201 947
201 996
202 276
202 333
202 339
202 917
203 320
203 357
203 588
203 654
203 845
203 930
204 353
204 448
204 596
204 805
204 829
204 882
204 900
204 958
205 461
205 653
205 940
206 391
207 765
207 994
208 564
209 284
209 801
209 918
210 555
210 595
210 680
210 755
210 909
211 530
212 263
212 314
212 479
212 707
212 818
213 268
214 765
215 329
215 607
215 608
215 843
216 429
216 492
217 365
217 522
217 678
217 816
218 256
218 525
218 777
219 245
219 409
219 503
219 714
219 799
219 916
219 939
219 951
220 389
220 566
220 642
221 228
221 251
221 905
222 926
223 367
223 675
223 722
224 857
225 387
225 550
225 693
225 699
225 963
226 271
226 813
226 930
227 240
227 864
228 264
228 905
228 933
229 439
229 508
231 533
231 940
232 861
232 964
233 264
233 537
233 689
233 866
234 429
234 517
234 550
234 697
235 635
235 790
235 891
236 674
236 731
237 441
237 822
237 843
237 932
238 717
238 761
238 763
238 799
239 303
239 456
239 508
239 630
239 755
240 350
240 459
240 541
240 627
240 666
240 675
240 690
241 283
241 544
241 554
241 979
242 573
242 969
243 302
243 569
244 291
244 843
245 844
246 434
246 451
246 459
246 575
246 855
246 952
247 444
247 499
247 989
248 682
248 753
248 818
248 921
249 583
249 807
250 325
250 425
250 427
250 466
251 688
251 744
252 556
252 696
252 877
252 981
253 402
253 473
253 504
253 630
253 728
254 732
254 808
255 257
255 589
257 386
257 403
257 841
258 285
258 658
258 659
258 676
258 787
258 915
259 721
259 791
260 356
260 481
260 599
260 684
260 686
261 279
261 550
261 885
262 284
262 621
262 739
262 763
262 838
262 977
263 587
263 852
263 936
264 301
264 517
264 547
264 698
265 339
265 373
265 412
265 846
266 672
266 897
267 660
267 802
268 339
268 547
268 582
268 677
268 965
269 327
269 430
269 788
269 793
269 876
270 304
270 777
270 872
271 291
271 824
272 663
273 305
273 342
273 512
273 539
273 639
273 940
274 412
274 518
274 925
275 313
275 697
275 883
275 895
275 960
276 518
276 632
276 787
276 877
277 329
277 907
278 351
278 449
278 676
278 903
279 679
280 561
281 322
281 368
281 372
281 412
281 465
281 491
281 695
281 792
281 966
282 488
282 697
282 797
283 490
283 526
283 635
283 705
283 722
283 868
283 934
283 962
284 385
285 320
285 609
286 418
286 467
286 575
287 360
287 412
287 477
287 509
287 529
287 541
287 575
287 657
287 797
287 810
287 902
288 354
288 605
289 333
289 829
289 856
290 523
290 773
290 868
290 905
291 601
291 604
291 967
291 970
292 335
292 769
293 307
293 341
293 518
293 532
293 774
294 361
294 607
294 656
294 959
295 361
295 652
295 818
295 928
295 955
296 567
296 931
297 468
297 699
297 905
298 473
298 949
299 358
299 588
299 631
299 733
299 930
299 978
300 379
300 591
300 598
300 656
300 774
301 369
301 527
302 305
302 325
302 595
302 680
302 687
302 847
302 897
303 368
303 872
303 968
304 526
304 546
305 399
305 899
305 969
306 493
306 728
307 315
307 433
307 778
307 793
308 415
308 506
308 683
308 940
309 615
310 577
310 601
311 404
311 503
311 584
311 714
312 662
312 701
312 852
313 405
313 691
313 804
314 538
314 559
314 799
314 963
315 947
316 566
316 735
316 817
316 917
317 335
317 969
318 409
318 725
318 753
318 827
318 872
319 679
319 828
320 457
320 508
320 527
320 743
320 861
321 394
321 438
321 531
321 607
321 825
321 889
321 898
321 933
322 323
322 462
322 592
322 614
322 643
322 739
323 713
323 748
323 838
323 867
324 435
324 447
324 498
325 422
325 762
325 840
325 936
326 357
326 676
326 735
326 969
327 886
328 366
328 380
328 435
328 465
328 816
328 968
328 971
329 480
329 567
329 806
329 808
330 351
330 561
330 639
330 698
330 754
330 872
330 974
331 841
332 335
332 581
332 709
332 736
332 861
333 486
333 665
333 886
334 403
334 555
334 558
334 712
334 929
335 569
335 903
335 986
336 426
336 444
336 527
336 569
336 792
336 958
337 681
337 689
337 703
337 734
338 525
338 803
338 887
338 949
338 950
339 379
339 409
339 481
339 511
339 641
339 719
339 744
339 820
339 822
340 419
340 457
340 520
340 601
340 705
340 869
340 871
340 952
343 441
343 452
343 581
343 603
343 609
343 982
344 684
344 887
345 394
345 615
345 727
346 402
346 477
346 918
347 394
347 414
347 590
347 910
349 404
349 463
349 643
349 783
349 821
350 368
350 526
350 640
350 642
350 773
350 839
350 876
350 885
350 942
350 978
350 990
351 433
351 465
351 514
351 680
351 743
351 863
351 878
351 886
351 887
352 381
352 419
352 459
352 740
352 797
353 534
353 566
353 717
353 885
354 550
354 576
354 807
354 948
355 537
355 570
355 725
356 830
356 944
357 690
358 386
358 468
358 768
358 902
359 376
359 468
359 482
359 609
359 799
359 970
360 390
361 513
362 885
363 495
364 709
364 765
364 908
365 410
365 564
365 612
365 883
365 914
366 456
366 470
366 511
366 970
367 412
367 480
367 637
367 726
368 406
368 553
368 655
368 730
369 468
369 792
369 841
369 957
370 543
370 658
370 921
371 525
371 625
371 892
372 387
372 517
372 946
372 971
373 697
373 714
373 920
373 948
374 469
374 916
374 920
374 988
375 748
375 969
376 420
376 479
376 558
376 748
376 784
377 421
377 462
377 640
377 733
378 390
378 485
378 864
378 888
379 679
379 680
379 861
379 912
380 392
380 744
381 596
381 726
381 747
382 393
383 504
383 542
383 559
383 664
383 697
383 820
383 984
384 424
384 694
384 909
386 693
387 534
387 625
387 654
387 823
387 856
388 606
388 624
388 625
389 528
389 587
389 632
389 750
390 562
390 596
390 673
390 682
390 790
390 816
390 833
391 432
391 537
391 611
391 729
391 776
391 791
392 632
393 664
393 760
394 853
394 990
395 648
396 520
397 527
397 835
397 855
397 922
398 405
398 443
398 479
398 498
398 603
398 711
398 913
399 537
399 615
399 804
400 494
400 996
401 452
401 544
401 577
401 743
402 405
402 612
402 614
402 682
402 767
402 793
402 814
402 912
402 938
402 989
403 620
403 965
404 579
404 831
405 433
405 692
405 698
405 732
405 742
405 793
406 481
406 520
406 789
406 813
406 855
407 727
408 430
408 476
409 752
410 539
410 701
411 667
411 675
411 774
412 655
412 686
412 707
413 498
413 639
413 787
414 503
414 976
414 981
415 637
415 842
416 490
416 616
416 960
416 997
417 510
417 545
418 755
419 493
419 512
419 663
419 920
420 847
420 921
420 987
421 518
422 439
422 785
423 658
423 819
426 432
426 495
426 561
426 630
426 780
426 801
427 591
427 604
428 456
428 809
428 820
429 819
430 730
430 954
431 874
431 878
432 796
432 853
433 668
433 910
434 520
434 730
434 804
435 727
435 776
436 656
436 750
436 762
436 935
437 757
437 770
437 788
438 708
438 863
439 521
439 549
439 665
439 936
440 526
440 984
441 474
441 905
442 503
442 520
442 997
443 553
443 829
445 478
445 479
445 901
446 753
446 899
447 490
448 477
448 670
448 726
448 854
448 959
449 534
449 876
450 473
450 648
451 778
451 837
451 873
451 952
453 575
453 695
454 745
455 496
455 674
455 918
455 919
457 785
458 510
458 539
458 653
458 768
458 832
458 848
458 983
459 508
459 610
459 616
460 616
460 720
460 897
460 951
460 994
461 660
461 966
461 977
462 716
463 485
463 901
464 537
464 798
465 526
465 557
465 731
465 782
465 857
465 963
466 564
466 941
467 534
467 627
467 692
467 851
467 888
467 959
467 997
468 653
468 765
468 780
469 497
469 677
469 769
469 853
470 502
470 520
470 551
470 649
470 781
471 540
471 545
471 749
471 914
471 999
472 868
472 897
472 907
473 576
473 673
473 721
473 816
473 863
474 745
474 828
475 593
475 796
475 875
475 993
476 915
477 885
477 976
478 758
479 757
479 766
479 965
480 612
480 633
480 750
480 783
480 806
481 558
481 892
483 496
483 533
483 536
483 545
483 713
483 940
484 599
484 844
485 662
485 728
485 803
485 896
485 920
485 966
486 786
488 870
488 931
490 978
491 540
491 839
491 866
491 891
492 644
492 808
493 879
494 570
494 713
494 916
494 941
495 888
496 753
497 783
497 857
497 952
497 956
498 713
498 739
498 841
499 800
499 988
500 768
500 897
501 590
501 597
502 712
502 907
503 644
503 712
503 721
504 754
504 884
505 762
505 957
506 567
507 542
507 834
508 780
508 800
508 895
509 670
509 924
509 992
510 838
510 856
510 935
511 573
511 729
511 983
512 825
513 733
513 783
513 805
514 538
514 565
514 582
514 743
514 808
515 525
515 725
515 944
516 521
516 727
517 761
518 556
519 704
519 875
519 898
520 743
520 835
520 933
520 995
521 587
521 616
521 916
522 570
523 726
524 913
525 768
525 894
526 762
526 921
526 939
528 629
528 770
528 843
528 874
530 824
530 910
530 922
532 613
533 734
533 735
533 775
534 769
534 925
535 764
536 908
536 917
536 918
537 541
537 602
537 633
537 778
538 891
538 911
538 942
539 791
539 877
540 716
540 773
540 926
540 943
541 555
541 654
542 587
542 845
542 913
543 606
543 697
543 885
544 825
544 927
544 961
545 691
545 990
546 620
546 923
547 599
547 648
547 787
547 874
548 865
548 913
549 606
549 637
549 667
549 821
549 950
550 666
551 889
552 691
552 818
553 583
553 766
553 951
554 787
554 898
554 910
555 661
555 790
556 695
556 864
557 689
557 888
558 717
558 837
558 863
559 614
559 735
559 753
560 724
560 835
560 842
560 951
562 746
562 790
562 871
562 970
563 747
563 802
564 566
564 584
564 729
564 805
565 820
566 780
566 798
567 592
567 790
567 836
567 879
568 742
569 945
570 797
570 806
570 816
571 907
575 712
575 750
575 863
575 905
576 648
576 828
577 611
577 715
577 975
578 903
579 615
579 732
580 597
580 886
580 907
580 925
581 724
582 772
582 936
583 698
583 741
583 922
585 653
585 660
585 737
585 810
585 929
586 620
586 630
586 646
586 717
586 734
586 806
587 650
587 840
588 745
588 797
588 893
589 626
589 818
591 604
591 664
591 724
591 737
592 651
593 784
593 891
593 957
594 659
595 742
595 869
596 717
597 839
597 847
598 936
602 893
603 956
604 703
604 826
604 861
605 735
605 794
605 856
605 986
606 776
607 665
608 771
609 626
609 663
609 781
610 741
610 752
610 840
610 914
610 963
611 745
611 861
612 854
613 954
614 885
614 930
615 719
615 869
616 685
616 897
616 987
620 694
620 773
620 964
620 996
621 635
621 640
621 673
622 868
623 647
623 949
623 974
624 724
624 984
624 986
624 997
625 695
625 747
625 796
626 653
626 748
627 701
627 916
628 808
628 816
628 977
628 998
629 890
630 726
630 955
631 634
631 957
632 749
632 794
632 798
633 701
633 810
634 708
634 742
634 963
635 876
636 782
636 849
638 913
638 939
638 960
639 860
639 917
639 933
640 728
640 744
640 910
641 825
641 903
641 962
642 654
642 865
642 869
642 980
642 982
643 799
644 751
644 835
644 962
644 998
645 991
648 888
648 927
649 934
650 686
650 797
650 898
650 919
652 925
652 977
653 835
654 705
654 783
654 916
656 760
656 773
656 881
656 885
656 945
656 981
657 681
657 825
658 789
658 801
660 853
661 692
661 763
661 837
662 982
663 814
664 971
666 695
666 747
667 990
668 938
669 927
670 781
671 894
671 969
672 786
673 736
673 768
673 935
674 897
675 835
675 969
677 681
677 855
677 956
678 902
678 963
679 799
679 889
679 906
679 980
681 838
682 703
682 710
683 801
683 927
685 797
687 829
687 913
687 977
689 769
690 986
692 797
692 993
693 849
693 854
693 982
694 767
694 931
695 738
695 889
695 903
696 827
697 724
697 933
697 950
698 942
699 720
699 898
699 993
700 857
701 860
702 803
702 848
703 717
704 749
704 865
704 983
705 874
706 785
706 869
707 947
707 996
708 761
708 983
709 740
709 845
710 813
712 848
712 873
713 927
714 771
714 840
714 861
714 965
715 781
717 958
718 896
719 851
719 871
720 811
721 853
723 823
723 860
724 794
724 851
725 743
726 758
726 768
727 895
728 887
729 769
729 997
730 958
732 929
732 948
732 966
733 875
734 802
734 813
734 923
734 940
735 771
736 754
736 797
736 819
736 855
736 980
737 803
738 741
738 756
738 848
738 930
739 936
740 752
741 927
744 823
744 918
745 767
745 916
747 881
747 952
748 797
748 833
748 960
749 832
750 844
751 780
751 786
752 915
753 815
753 839
754 804
754 846
755 789
755 911
757 926
758 925
759 781
760 885
760 889
764 922
765 827
765 830
765 928
766 973
768 788
769 777
773 788
774 778
774 795
774 852
775 988
776 855
777 890
777 893
779 826
779 860
779 998
780 860
780 924
782 831
782 857
782 864
783 887
784 788
785 884
786 924
786 940
790 893
790 902
790 940
791 858
792 824
794 901
799 985
800 952
802 807
802 910
802 916
803 890
804 870
804 927
805 812
808 942
810 903
811 817
812 847
813 985
815 920
815 980
815 992
817 949
818 899
819 854
819 976
820 903
821 913
822 991
823 956
824 955
831 909
831 944
832 858
832 860
832 885
835 900
839 873
840 993
841 884
843 966
844 936
844 988
845 961
847 903
847 935
851 862
851 869
852 947
852 982
853 884
853 929
854 859
858 886
861 955
861 979
863 924
863 982
864 899
864 919
864 981
866 950
866 987
867 881
869 980
870 964
870 970
872 998
873 874
874 926
876 989
877 901
882 980
883 913
883 977
885 914
887 923
889 894
889 914
890 956
891 908
891 960
898 926
899 983
900 942
904 947
909 969
914 979
917 973
922 967
924 934
925 954
929 973
935 960
937 968
937 978
947 993
951 958
959 982
962 999
974 975
978 997
988 994
992 999
995 996
