1000 2500
0 321
0 590
0 693
0 828
0 865
1 257
1 279
1 358
1 396
1 782
2 37
2 138
2 593
3 112
3 138
3 407
3 536
3 557
3 595
3 755
3 779
3 977
4 464
4 468
4 493
4 498
4 542
4 592
4 651
4 812
4 815
4 822
4 941
5 298
5 550
5 868
5 872
5 929
5 993
6 91
6 323
6 356
6 716
6 986
7 103
7 269
7 651
7 654
8 95
8 612
8 692
8 968
9 222
10 216
10 702
10 833
11 45
11 292
11 584
11 607
11 650
11 668
11 897
12 132
12 836
12 927
13 50
13 152
13 223
13 455
14 306
14 444
14 662
14 708
15 56
15 750
15 779
15 894
15 987
16 58
16 68
16 109
16 402
16 485
16 589
16 854
16 973
17 82
17 252
17 529
17 571
17 697
17 896
18 168
18 614
19 165
19 226
19 369
19 517
19 583
19 660
20 199
21 193
21 394
21 450
21 563
21 768
21 973
22 609
22 691
22 730
23 146
23 511
23 636
23 937
24 598
25 81
25 120
25 310
25 707
26 232
26 433
26 773
26 800
26 934
27 28
27 170
27 469
27 772
27 849
27 888
27 921
28 87
28 178
28 388
28 664
28 710
28 755
29 78
29 642
29 660
29 811
30 295
30 737
30 771
30 799
30 828
31 81
31 224
31 798
31 841
32 229
32 231
32 426
32 558
32 568
32 714
32 836
32 862
33 40
33 235
33 279
33 768
33 910
34 80
34 298
34 480
34 861
34 954
34 992
35 197
35 243
35 758
36 216
36 280
36 321
36 394
36 396
36 833
36 845
36 859
37 193
37 277
37 546
37 935
38 136
38 177
38 698
38 894
39 256
39 338
39 346
39 427
39 751
39 954
40 176
40 341
40 389
40 560
41 154
41 281
41 490
41 559
41 905
42 662
43 113
43 180
43 239
43 244
43 347
43 374
44 790
44 921
45 97
45 332
45 548
45 919
46 160
46 467
46 648
46 840
47 243
47 420
47 675
47 960
47 983
48 227
48 397
48 426
48 473
48 493
48 610
48 653
48 774
48 874
49 59
49 92
49 156
49 313
49 519
49 541
49 729
49 901
50 415
50 585
50 668
50 737
50 770
51 282
51 930
51 941
52 466
52 767
53 259
53 333
53 550
53 552
53 986
54 205
54 702
55 503
55 806
55 959
55 993
56 420
56 631
57 87
57 92
57 216
57 393
58 113
58 463
58 712
58 889
59 125
59 242
59 359
60 716
60 772
60 837
60 875
61 86
61 127
61 194
61 222
61 447
61 544
61 795
61 802
62 361
62 545
62 678
62 827
62 908
63 159
63 245
63 613
63 630
63 857
64 79
64 177
64 237
64 334
64 622
64 696
64 968
65 716
65 738
65 924
65 939
66 221
66 255
66 353
66 836
66 915
67 503
67 791
67 828
68 166
68 387
68 646
68 662
68 680
68 871
68 893
69 330
69 438
69 594
69 595
69 643
69 678
69 769
69 814
69 890
70 289
70 323
70 656
70 912
71 98
71 200
71 335
71 686
71 815
71 840
71 910
72 962
73 175
73 836
73 973
74 165
74 358
74 552
74 873
74 952
75 211
75 495
75 829
76 373
76 568
76 651
77 116
77 145
77 275
77 426
77 568
77 611
77 650
77 799
77 801
77 809
77 905
78 244
78 409
78 718
78 774
78 789
78 813
78 980
79 317
79 505
79 510
79 696
79 950
80 179
80 328
80 543
80 966
81 402
81 549
81 958
82 273
82 380
82 468
82 566
83 418
83 651
83 960
83 988
84 166
84 194
84 203
84 252
84 301
84 383
84 537
84 648
85 122
85 218
85 312
85 437
85 516
85 544
85 551
85 594
85 618
85 937
86 878
86 957
86 977
87 167
87 237
87 640
87 656
87 827
87 883
87 907
88 389
88 414
88 528
88 575
89 223
89 427
89 611
89 727
89 754
89 769
89 865
90 284
90 355
90 437
91 360
91 366
91 920
92 191
92 445
92 547
92 557
93 492
93 657
93 729
93 977
94 364
94 381
94 845
95 145
95 273
95 297
95 470
95 501
95 540
95 693
96 165
96 643
96 874
97 284
98 99
98 347
98 526
98 899
99 339
99 474
99 540
99 580
99 877
100 247
100 257
100 639
100 929
101 335
101 346
101 721
101 932
101 955
101 991
102 437
102 477
103 570
103 790
104 640
104 939
105 132
105 273
105 448
105 556
105 648
105 688
105 774
106 634
106 837
107 309
107 676
107 998
108 126
108 220
108 338
108 497
108 540
108 590
108 618
108 686
109 222
109 332
109 503
109 624
109 861
109 893
109 923
110 545
110 640
110 660
110 800
110 982
111 316
111 532
112 460
112 541
112 658
112 970
113 441
113 506
113 956
114 151
114 402
114 770
114 997
115 140
115 493
115 702
116 304
116 424
116 857
117 140
117 339
117 926
118 242
118 395
118 595
118 723
118 949
119 195
119 275
119 628
119 660
120 155
120 346
120 448
120 553
120 618
121 262
121 293
121 614
121 638
121 796
121 977
122 681
122 742
122 767
122 799
123 162
123 371
123 518
123 610
123 779
124 151
124 168
124 362
124 405
124 893
124 937
125 573
125 912
126 624
126 832
126 881
126 984
127 236
127 526
127 855
128 316
128 350
128 363
128 587
128 680
128 773
128 812
129 197
129 581
129 612
129 660
129 733
129 940
130 385
130 780
130 864
130 943
131 238
131 602
131 747
131 928
133 365
133 556
133 598
133 647
134 247
134 253
134 673
134 708
134 870
134 895
135 204
135 287
135 576
135 623
135 779
136 279
136 299
136 393
136 473
136 979
137 580
137 590
138 563
138 748
138 826
138 888
138 892
139 213
139 436
139 481
139 570
139 615
140 327
140 527
140 847
141 401
142 286
142 614
142 921
143 387
143 491
143 818
143 850
143 943
143 991
144 217
144 305
144 313
144 347
144 456
144 710
145 205
145 920
146 443
146 757
146 948
147 471
147 544
147 673
147 909
148 501
148 554
148 707
149 490
149 627
149 691
149 802
149 808
150 200
150 232
150 534
150 836
150 889
150 992
151 176
151 223
151 329
151 556
151 964
152 630
152 779
152 846
152 940
153 184
153 291
153 360
153 520
153 574
153 841
154 561
154 751
155 189
155 584
155 814
156 313
156 469
156 579
156 699
157 229
157 374
157 452
157 806
157 956
157 961
158 371
158 603
158 989
159 985
160 448
160 467
160 660
160 691
160 838
161 178
161 373
161 669
161 807
161 821
162 359
162 486
162 668
162 827
162 967
163 197
163 580
163 597
163 669
163 941
164 199
164 209
164 695
164 824
164 841
165 325
165 372
165 752
166 258
166 288
166 546
166 761
166 780
167 393
167 422
167 598
167 833
168 228
168 444
168 575
169 326
169 436
170 224
170 271
171 668
172 436
172 660
173 269
173 532
173 770
173 792
174 225
174 409
175 397
175 421
175 741
176 193
176 413
176 416
176 493
176 773
176 835
176 883
176 990
177 283
177 293
177 526
177 648
177 702
178 356
178 361
178 612
178 709
178 919
179 504
179 720
179 863
180 192
180 313
180 385
180 599
180 748
180 837
181 226
181 230
181 862
181 904
181 979
182 226
182 545
182 684
182 719
183 385
183 715
183 739
184 257
184 361
184 899
185 494
185 505
185 509
185 784
185 917
186 373
186 885
186 943
187 334
187 396
187 407
187 442
187 536
187 557
188 632
188 852
189 277
189 762
190 462
190 813
190 867
190 985
191 453
191 457
192 302
192 399
192 657
192 729
193 388
193 665
193 939
194 215
194 915
195 328
195 492
195 552
195 846
196 393
196 533
196 828
197 909
197 948
198 235
198 273
198 313
198 537
198 670
199 210
199 758
199 874
199 978
200 389
200 613
200 803
200 855
201 354
201 484
201 516
201 729
201 741
201 840
202 319
202 428
202 717
202 792
202 974
202 977
203 388
204 339
204 345
204 501
204 800
204 863
205 316
205 499
205 759
206 229
206 587
206 612
206 693
206 740
207 403
207 464
207 657
207 849
208 868
209 227
209 392
209 578
209 628
209 994
210 254
210 725
211 268
211 386
211 388
211 415
211 539
211 587
211 598
212 699
212 805
212 961
212 992
213 535
213 970
214 479
214 612
214 989
215 688
215 863
215 939
216 333
216 406
216 433
216 453
216 574
216 806
217 520
217 908
217 978
218 871
219 238
219 338
219 430
219 497
219 523
219 565
220 291
220 544
220 582
220 611
221 394
221 553
221 574
221 636
222 259
222 623
222 807
222 925
222 942
223 295
223 524
223 701
223 777
224 268
224 372
224 954
225 262
225 773
225 856
226 466
226 503
226 671
226 812
227 728
228 302
228 315
229 317
229 320
229 442
229 638
229 771
229 822
229 916
229 917
230 322
230 537
230 621
230 677
230 884
231 407
231 807
231 817
232 553
232 558
232 718
232 861
233 341
233 490
233 810
233 846
234 276
234 336
234 437
234 892
234 908
234 981
235 341
235 553
235 565
235 593
235 932
235 994
236 316
236 391
236 455
236 516
236 840
237 248
237 672
238 254
238 302
238 507
238 614
238 881
239 472
239 509
239 828
240 391
240 412
240 464
240 546
240 584
240 939
240 957
241 270
241 297
241 402
241 738
242 441
242 665
242 671
242 772
242 849
243 402
243 475
243 597
243 887
244 360
244 511
244 705
245 257
245 378
245 605
245 705
246 590
247 457
247 630
247 752
247 840
248 645
248 679
248 897
249 293
249 304
249 540
249 610
249 684
249 740
249 809
249 817
249 890
250 274
250 284
250 487
250 823
250 898
251 349
251 416
251 586
251 649
252 299
252 427
253 332
253 502
254 556
254 786
254 812
254 833
254 843
255 484
255 619
255 643
255 711
255 797
257 817
257 844
257 992
258 406
258 714
258 836
259 469
259 616
259 850
259 875
260 686
260 837
260 925
261 633
261 642
261 740
262 387
262 557
262 720
262 803
262 906
263 474
263 617
263 699
263 920
264 568
264 616
264 797
264 859
265 387
265 407
265 478
265 546
265 745
265 747
266 929
266 954
267 405
267 530
267 708
267 804
268 616
268 638
268 724
268 944
269 486
269 639
269 774
270 374
271 416
271 512
272 324
272 554
272 885
273 474
273 486
273 776
273 912
275 387
275 692
275 796
275 934
275 950
276 404
276 491
276 663
276 788
276 874
277 299
277 363
277 377
277 402
277 541
277 575
277 637
277 871
278 451
278 555
278 594
278 624
278 932
279 856
279 871
280 393
280 395
280 485
280 558
280 586
280 650
280 740
281 289
281 402
281 509
281 734
281 769
281 885
281 889
281 935
282 515
282 561
282 583
282 780
283 375
283 441
283 562
283 584
283 615
283 733
283 860
283 873
283 936
284 455
284 481
284 633
284 748
285 385
285 482
285 573
285 625
285 683
285 737
285 798
285 957
286 361
286 610
286 617
287 497
287 870
288 308
288 487
289 476
289 494
289 557
289 604
289 727
290 407
290 718
290 953
291 295
291 456
291 482
291 754
291 799
292 329
292 521
292 608
292 667
292 840
292 867
293 312
293 313
293 319
293 438
293 440
293 455
293 516
293 527
293 541
293 857
293 959
294 697
294 708
294 728
295 560
295 616
295 657
295 721
295 847
296 704
297 388
297 590
297 648
297 661
297 993
298 483
298 549
298 724
298 910
298 992
299 409
299 529
299 579
300 458
300 821
300 837
301 546
302 606
302 733
303 330
304 314
304 629
304 742
304 896
305 426
305 512
305 520
305 608
305 742
305 972
306 426
306 818
307 474
307 525
307 592
307 881
307 938
307 993
308 357
308 582
308 924
309 357
309 377
309 486
309 867
309 926
310 391
310 400
311 321
311 411
311 451
311 544
311 678
311 837
312 619
312 747
313 359
313 525
313 600
313 712
313 877
313 883
313 951
315 326
315 343
315 452
315 506
315 673
315 873
316 398
316 532
316 578
316 592
316 798
316 871
316 955
317 591
317 595
317 609
317 724
318 430
318 706
318 724
318 801
318 972
319 542
320 366
320 523
320 579
320 757
320 762
320 799
320 937
320 969
321 883
322 327
322 928
323 440
323 459
323 767
324 486
324 555
324 959
325 458
325 480
325 582
325 691
325 741
325 842
326 351
326 578
327 442
327 662
327 881
328 635
328 842
328 863
328 865
329 664
329 682
331 803
332 385
332 460
332 789
332 792
332 986
333 342
333 515
333 673
333 702
333 879
333 886
334 497
334 504
334 642
335 473
335 556
335 655
335 847
336 556
336 692
337 385
337 506
337 522
337 677
338 584
338 770
339 455
339 499
339 774
339 830
339 841
339 855
340 653
340 702
340 808
341 682
341 899
342 740
343 428
343 598
343 724
343 786
343 993
344 442
344 669
344 855
345 473
345 596
346 771
347 431
347 642
347 727
347 978
347 991
348 378
348 520
348 645
348 687
348 793
348 888
349 722
349 902
349 956
350 669
350 788
350 920
351 352
351 610
352 384
352 513
352 644
352 684
352 873
352 969
353 969
354 652
355 386
355 599
356 518
357 770
358 504
358 635
358 837
358 847
359 574
359 661
359 718
360 418
361 394
361 439
361 593
361 821
361 925
362 819
362 905
362 923
362 977
363 879
363 935
364 391
365 378
365 422
365 562
365 629
365 850
367 507
367 604
367 850
368 461
368 630
368 742
369 599
369 711
369 788
369 914
369 919
370 428
370 470
370 499
370 670
370 866
371 420
371 507
371 590
371 722
371 736
371 823
372 678
372 832
372 908
373 461
373 479
373 481
373 504
373 561
373 629
373 681
373 892
374 492
374 599
374 813
374 837
374 897
375 478
375 582
375 784
376 588
377 620
377 669
377 681
377 852
378 632
378 635
378 694
378 953
378 968
379 902
380 495
380 671
381 454
381 532
381 635
382 400
382 463
382 960
383 601
383 629
383 750
383 808
383 916
383 956
384 416
384 776
384 824
384 995
385 414
385 905
386 638
386 863
387 429
387 557
387 587
387 754
387 838
388 398
388 741
388 822
388 906
389 963
389 978
390 851
390 995
392 400
392 653
392 706
392 861
393 513
393 635
393 795
393 947
394 535
394 558
394 624
395 671
396 706
397 431
397 572
397 695
397 855
398 460
398 594
398 805
399 832
399 894
399 995
400 459
400 599
400 605
400 684
400 799
400 936
401 505
401 713
401 738
402 449
402 565
402 628
402 866
403 672
403 678
403 860
403 948
404 422
404 518
404 535
404 722
404 799
405 591
406 675
407 608
407 912
408 708
409 460
409 727
409 759
409 880
410 519
410 649
410 855
410 886
411 793
411 820
411 976
412 418
413 510
414 673
414 906
415 796
415 806
415 913
416 724
416 795
416 819
416 868
417 756
418 723
418 833
418 977
419 483
419 559
419 684
419 700
420 772
420 785
420 799
420 805
423 479
423 546
424 651
424 681
424 792
424 960
425 815
426 678
426 963
427 460
428 595
428 669
428 855
429 676
429 684
430 441
430 589
430 603
430 659
430 881
430 953
431 468
431 661
431 911
431 924
432 618
432 808
432 933
434 807
435 656
435 712
436 518
436 663
437 493
437 650
438 457
438 557
438 611
439 661
439 797
439 914
440 474
440 653
441 666
441 706
441 821
441 852
442 565
442 614
442 912
443 766
443 996
444 885
444 907
444 931
445 447
445 569
445 625
445 793
446 510
446 541
446 628
446 811
446 858
447 579
447 752
447 975
448 654
448 716
448 921
449 696
449 799
449 905
450 691
450 792
450 864
450 936
450 975
451 495
451 574
451 656
452 588
452 722
453 507
453 790
454 935
455 632
455 661
455 682
456 591
456 985
457 638
457 666
458 657
458 711
459 558
459 604
459 856
459 975
460 660
460 897
460 981
461 807
462 667
462 704
462 818
463 742
464 675
464 747
465 625
465 627
466 618
466 875
467 692
467 773
468 750
468 964
468 975
469 778
470 571
470 698
470 714
471 683
471 843
471 873
471 906
471 958
472 526
472 531
472 590
472 797
473 555
473 807
473 970
474 692
474 845
475 541
475 546
475 782
475 809
475 839
476 710
476 836
476 974
476 978
477 823
477 895
478 635
478 648
479 668
479 815
479 916
479 939
479 968
480 511
480 643
481 516
481 556
481 942
482 966
483 773
483 889
483 935
484 745
484 812
484 974
485 503
485 562
485 574
485 685
485 691
485 817
485 961
485 968
486 543
486 652
486 813
487 532
487 754
487 909
488 638
488 840
489 724
489 833
489 942
490 526
490 987
491 663
491 748
491 850
491 887
491 921
491 940
493 780
493 890
494 544
494 667
494 725
495 602
495 618
496 730
496 827
497 515
497 565
497 857
497 983
498 843
498 857
498 861
498 884
499 500
499 955
500 596
500 759
500 960
501 535
501 727
502 775
502 782
502 811
502 907
502 959
503 720
503 920
504 823
504 912
505 942
505 952
505 965
506 685
507 827
507 860
508 895
508 916
509 754
509 981
510 736
510 982
511 662
512 553
512 563
512 667
512 895
512 987
513 554
513 680
513 795
513 877
514 734
514 757
515 526
515 835
515 972
516 535
516 672
516 800
516 881
516 938
517 765
517 923
518 629
518 744
518 896
518 909
519 663
519 723
519 860
519 957
519 988
520 533
520 793
521 924
522 652
522 945
523 581
523 744
523 942
523 973
524 560
524 630
524 723
524 771
525 571
525 897
525 986
526 807
526 844
526 875
527 583
527 675
527 937
528 721
528 992
529 629
531 906
531 995
532 661
532 751
534 804
534 851
534 882
534 934
535 577
535 830
535 918
537 556
537 705
539 683
539 806
539 829
540 565
540 642
540 916
541 700
541 706
541 786
541 880
542 955
542 962
543 616
543 917
547 921
547 942
548 551
548 635
548 638
548 832
548 934
548 961
549 606
549 690
549 691
549 718
549 829
550 592
550 683
550 876
552 562
552 844
553 596
553 741
553 753
553 998
554 641
554 656
554 728
555 700
556 722
556 744
556 831
556 840
556 851
557 687
557 783
557 831
557 920
558 852
559 724
559 786
559 836
560 786
561 589
561 678
561 698
561 858
561 994
562 617
563 640
563 799
563 807
563 884
564 625
564 840
564 992
565 956
566 762
566 886
567 613
567 681
567 727
567 816
567 859
567 922
568 719
569 657
569 689
569 771
570 676
570 690
570 948
571 672
571 974
573 701
573 818
573 889
573 922
574 659
574 701
574 841
574 842
575 754
575 874
575 910
576 738
576 754
577 817
578 580
578 605
578 813
578 845
579 670
579 694
579 759
579 799
579 908
579 959
580 713
580 988
581 611
581 631
581 895
581 897
581 912
581 961
582 955
584 682
584 948
585 671
586 595
586 622
586 876
586 911
586 943
589 820
589 990
591 747
591 814
591 832
591 858
592 903
593 652
593 850
594 637
594 656
595 968
597 715
597 926
597 943
598 953
599 665
600 703
600 884
600 999
601 640
601 806
603 742
605 805
605 971
605 981
606 667
606 884
608 651
608 714
608 931
609 804
609 806
609 954
610 777
611 798
611 824
613 637
613 662
613 745
613 884
613 947
614 813
614 861
614 905
614 909
615 742
617 632
617 775
617 940
618 632
618 780
618 995
619 759
619 976
619 999
621 644
621 762
621 854
622 657
622 720
624 634
624 812
625 921
626 641
627 742
627 743
628 710
628 791
629 757
629 767
629 781
629 812
629 842
630 636
630 952
631 662
632 657
632 773
633 683
634 965
635 716
635 829
636 681
636 818
637 772
639 654
639 664
639 796
639 977
640 704
640 861
641 648
641 747
642 761
642 773
642 782
642 856
642 986
643 868
644 841
645 755
646 651
646 674
646 855
646 884
646 936
647 747
648 756
648 819
649 800
650 919
651 674
651 875
652 659
652 868
652 984
653 790
654 935
655 908
655 966
656 979
657 767
658 807
658 841
658 862
658 975
659 903
660 842
661 960
662 906
662 973
664 760
664 871
664 913
666 740
666 787
667 669
668 671
668 836
669 824
669 893
670 910
672 771
673 692
673 945
675 999
678 765
679 741
680 889
680 901
681 749
681 819
681 848
682 760
682 864
683 717
684 847
684 992
685 699
685 734
685 998
686 840
686 971
686 996
687 744
687 768
688 986
691 707
691 792
692 706
692 741
692 901
692 990
693 755
693 952
694 807
694 823
694 837
694 964
695 928
696 713
696 775
697 758
698 766
698 885
701 919
701 951
702 708
704 772
706 915
709 861
710 977
710 985
711 730
711 823
711 843
712 963
714 734
714 882
714 903
715 804
715 890
715 912
715 992
715 994
716 818
717 840
719 813
720 899
722 828
722 907
723 761
726 935
727 986
728 814
729 958
729 995
730 765
730 784
730 951
732 809
732 895
732 970
734 749
734 874
734 889
734 898
735 804
735 854
735 861
735 937
737 926
738 958
739 790
740 840
740 984
741 982
742 786
742 789
742 794
742 935
744 809
744 861
745 779
745 784
745 842
745 982
747 850
747 870
747 890
747 894
748 859
749 800
749 901
750 923
752 918
753 888
755 815
755 941
755 976
757 966
758 823
758 851
760 769
760 827
763 813
764 786
765 900
765 929
765 973
768 800
768 857
769 952
769 958
769 991
770 788
772 901
773 949
774 957
776 899
776 928
777 932
779 908
781 871
783 792
783 881
783 926
786 788
786 977
788 878
788 890
790 976
791 953
794 957
794 995
795 812
795 819
796 820
797 838
798 921
800 990
807 940
808 991
812 906
813 996
818 852
818 929
818 936
818 950
818 955
820 928
821 936
822 911
822 990
824 931
825 930
826 939
826 951
827 938
827 979
828 833
829 835
829 906
829 929
830 992
831 931
832 927
832 946
833 906
833 934
834 906
834 917
837 866
837 947
837 973
839 940
841 879
841 991
842 985
843 884
844 855
844 962
844 967
844 993
845 864
847 927
851 965
852 925
854 892
857 979
861 895
862 871
862 985
862 997
865 897
865 933
867 972
867 988
868 950
871 999
872 977
880 919
880 921
880 927
880 962
881 960
885 933
889 984
891 894
891 969
892 915
892 994
894 988
895 928
896 934
896 968
896 969
902 995
909 920
911 997
912 924
912 954
913 948
915 957
918 964
919 963
919 974
922 954
923 972
927 961
932 970
939 961
939 987
942 966
942 991
944 965
946 950
947 951
949 953
950 970
951 954
955 965
959 988
962 970
964 986
966 981
977 988
982 983
983 987
