1000 2500
0 144
0 384
0 415
0 589
0 627
0 778
0 807
0 883
0 914
1 179
1 261
1 672
1 854
1 914
2 172
2 522
2 706
2 746
2 758
2 861
2 986
3 117
3 196
3 211
3 232
3 375
3 387
3 529
3 705
3 768
3 857
3 932
4 223
4 544
4 907
4 914
5 306
5 408
5 634
5 701
5 785
5 793
5 983
6 262
6 463
6 516
6 979
7 72
7 131
7 750
8 253
8 287
8 686
8 769
9 215
9 424
9 537
9 633
9 654
10 87
10 223
10 269
10 444
10 492
10 509
10 552
10 634
10 982
11 97
11 150
11 758
11 859
11 952
12 566
12 606
12 691
12 795
12 992
13 189
13 272
13 341
13 350
13 410
13 476
14 132
14 225
14 384
14 991
15 325
15 479
15 633
15 718
16 131
16 173
16 792
16 964
17 26
17 195
17 538
17 825
17 884
18 328
18 364
18 642
18 977
19 383
19 538
19 977
20 50
20 263
20 581
20 747
20 805
20 875
20 894
21 82
21 113
21 302
21 387
21 584
21 733
22 349
23 425
23 540
23 598
23 959
24 29
24 47
24 56
24 303
24 439
24 997
25 247
25 719
25 816
26 72
26 111
26 255
26 310
26 735
26 993
27 290
27 295
27 441
27 645
27 940
28 149
28 228
28 307
28 373
28 635
28 678
28 683
28 785
28 836
29 97
29 129
29 262
29 879
30 140
30 295
30 856
30 874
31 124
31 354
31 436
32 311
32 394
32 529
33 491
33 557
33 613
34 192
34 768
34 785
34 883
35 37
35 540
36 110
36 477
36 505
36 611
36 660
36 706
36 744
36 757
37 258
37 530
37 602
38 301
38 526
38 538
38 677
38 784
39 130
39 229
39 326
39 521
39 726
39 760
40 597
40 609
40 678
40 688
40 815
40 947
41 76
41 255
41 642
41 721
41 741
42 666
43 520
43 671
43 726
44 302
44 814
45 46
45 47
45 527
45 614
45 668
45 792
46 163
46 374
47 994
48 49
48 97
48 143
48 196
48 270
48 324
48 326
48 722
49 231
49 268
49 345
49 458
49 995
50 628
50 654
50 738
50 962
51 342
51 842
51 871
52 160
52 424
52 707
53 210
53 370
53 542
53 560
53 658
53 691
53 701
53 824
53 870
54 124
54 162
54 193
54 548
54 614
55 362
55 437
55 464
55 539
55 860
56 343
56 706
57 75
57 253
57 402
57 568
58 101
58 491
58 882
59 111
59 342
59 459
59 853
60 165
60 238
60 356
60 423
60 667
60 763
61 167
61 231
61 296
61 464
61 735
62 140
62 326
62 721
62 722
62 848
62 978
63 85
63 314
63 833
64 182
64 212
64 358
64 852
65 184
65 273
65 347
65 360
65 373
65 637
65 781
66 389
66 642
66 680
66 758
66 785
66 885
67 72
67 118
67 547
68 131
68 210
68 956
68 992
69 163
69 244
69 454
69 619
70 209
70 286
70 443
70 655
70 796
71 466
71 663
71 838
71 846
72 83
72 153
72 317
72 472
72 714
72 890
73 362
73 587
73 695
74 287
74 844
74 890
75 323
75 514
75 630
75 864
75 912
76 158
76 299
76 471
76 547
76 664
76 687
76 903
76 961
77 229
77 419
78 521
78 673
78 711
79 121
79 547
79 601
79 798
80 101
80 188
80 443
80 528
81 237
81 308
81 413
81 510
81 549
81 584
81 585
82 124
82 394
82 417
82 434
82 489
82 871
83 221
83 296
83 476
83 724
83 913
84 129
84 677
84 733
84 750
84 794
85 86
85 296
85 924
85 971
86 116
86 437
86 642
86 654
86 684
87 400
87 475
87 539
87 556
87 643
87 804
88 195
88 204
88 397
88 433
88 503
88 888
88 989
89 278
89 508
89 667
90 207
90 215
90 224
90 281
90 298
90 342
90 581
90 643
90 727
91 290
91 441
91 536
91 731
91 747
91 796
92 443
92 754
92 853
93 401
93 518
93 709
94 563
95 973
96 149
96 245
96 561
97 169
97 435
97 481
97 973
98 109
98 645
98 675
99 427
99 481
99 582
100 120
100 187
100 228
100 428
101 212
101 737
101 838
102 302
102 361
102 419
102 511
102 894
102 951
103 171
103 282
103 666
103 886
103 970
104 205
104 278
104 424
104 824
105 381
105 596
105 882
106 156
106 251
106 580
106 613
106 814
107 181
107 252
107 278
107 394
107 516
108 315
109 190
109 261
109 842
109 965
110 430
111 489
111 703
112 139
112 233
112 491
113 194
113 195
113 668
113 814
113 820
113 946
114 183
114 840
115 178
115 199
115 240
115 477
115 515
115 603
115 628
116 215
116 351
116 558
116 719
117 713
117 865
118 806
119 515
119 851
120 155
120 496
120 548
120 577
120 803
120 902
120 909
120 946
121 161
121 506
121 532
121 684
121 708
121 723
121 756
121 828
121 949
122 244
122 838
122 922
122 979
123 255
123 274
123 541
123 684
123 731
123 777
123 779
123 837
123 851
123 872
124 444
124 690
124 751
124 904
124 913
125 168
125 321
125 574
125 642
125 810
126 415
126 495
126 673
127 153
127 345
127 661
127 670
128 133
128 154
128 268
128 655
128 776
128 792
128 889
128 929
128 955
128 962
129 142
129 468
129 503
129 692
129 731
129 988
130 133
130 168
130 607
130 700
131 516
131 557
131 690
131 750
131 928
132 335
132 386
132 956
133 509
133 617
133 657
133 850
134 534
134 995
135 640
135 730
135 840
136 352
136 684
136 766
136 794
136 896
136 897
137 584
137 614
138 218
138 576
138 620
138 733
138 796
138 828
138 993
139 552
139 989
140 199
140 250
140 337
141 150
141 604
141 725
141 917
142 221
142 278
142 529
142 627
142 679
142 718
142 720
143 230
143 295
143 304
143 723
144 555
145 303
145 528
145 603
145 801
145 900
145 924
145 938
145 947
146 209
146 291
146 307
146 370
147 175
147 237
147 334
147 448
147 515
147 561
147 632
147 651
147 817
147 885
147 970
148 332
148 485
148 496
148 515
148 772
148 923
149 248
149 279
150 186
150 217
150 359
150 364
150 449
150 713
150 911
150 950
151 643
151 644
151 665
151 721
151 883
152 438
152 953
153 421
153 504
153 676
153 730
153 746
153 957
154 464
154 833
154 985
154 987
155 231
155 316
155 826
155 896
155 982
156 260
156 568
156 666
156 715
157 325
157 506
157 620
157 895
158 175
158 475
158 520
158 796
158 873
159 166
159 395
159 552
159 573
159 788
159 892
159 988
160 970
161 442
161 536
161 672
161 839
161 939
162 381
162 458
162 480
162 515
162 578
162 702
163 594
163 698
163 786
164 684
164 904
164 982
165 318
165 414
165 443
165 491
165 623
165 654
165 710
165 939
166 195
166 215
166 796
166 840
167 340
167 605
168 395
168 614
168 676
168 828
168 835
169 280
169 752
169 760
169 813
169 837
170 311
170 386
170 429
170 715
171 392
171 615
171 875
171 977
172 192
172 359
172 366
172 806
173 187
173 706
173 830
174 404
174 576
175 200
175 476
175 574
175 803
175 992
176 275
176 322
176 354
176 377
176 757
177 309
177 970
178 293
178 879
179 300
179 367
179 520
179 593
180 314
180 487
180 654
180 772
181 483
181 560
181 568
181 799
181 939
181 976
182 795
182 875
182 973
183 469
183 525
183 780
184 223
184 359
184 417
184 454
184 464
184 520
184 645
185 411
185 507
185 962
187 643
187 947
188 669
188 872
188 910
189 212
189 443
189 667
190 224
190 920
191 207
191 319
191 324
191 747
191 855
191 856
191 890
192 853
193 677
193 781
193 866
194 430
194 845
194 914
195 270
196 259
196 369
196 562
196 734
196 762
196 835
196 905
197 285
197 336
197 454
197 805
198 581
198 880
199 211
199 216
199 502
199 519
199 557
199 585
199 869
199 930
200 314
200 582
200 866
201 564
201 626
201 848
201 892
202 230
202 367
202 619
202 908
202 918
203 293
203 340
203 406
203 463
203 557
203 665
204 357
204 513
204 616
204 678
204 770
206 454
206 537
206 711
207 228
207 275
207 427
207 533
207 574
207 646
207 702
208 225
208 505
208 913
209 520
209 920
210 218
210 237
210 277
210 372
210 554
210 648
210 660
210 918
210 940
211 541
211 563
211 770
211 996
212 936
212 977
213 346
213 391
213 795
213 848
213 959
214 298
214 319
214 559
214 585
214 587
214 596
214 750
214 837
215 820
215 936
215 982
216 533
216 617
216 924
217 290
217 885
218 248
218 487
218 705
218 965
219 294
219 465
219 498
219 598
219 791
219 797
219 970
220 307
220 550
220 575
220 652
220 705
222 258
222 832
222 932
223 308
223 608
223 744
223 796
223 847
224 423
224 914
224 957
225 353
225 798
226 324
226 346
226 445
226 752
227 287
227 337
227 626
227 894
227 945
228 462
228 852
228 960
228 981
229 377
229 620
229 711
229 884
230 543
230 561
230 605
230 608
230 627
231 395
231 783
232 564
232 832
233 393
233 579
233 978
234 301
234 404
234 578
234 902
234 973
235 328
235 367
235 425
235 778
236 360
236 649
236 692
236 802
237 429
237 604
237 660
238 404
238 460
238 550
238 646
238 685
238 910
238 941
239 289
239 438
240 602
240 832
240 930
241 394
241 634
242 803
243 414
243 463
243 666
243 912
243 976
243 998
244 370
244 374
244 375
244 480
244 904
245 389
245 696
245 810
245 845
245 895
246 292
246 296
246 644
246 660
246 705
246 723
247 524
247 569
247 663
248 501
248 553
248 724
248 863
248 952
249 372
249 668
249 923
250 609
250 668
251 595
251 950
252 262
252 284
252 358
252 832
252 856
252 916
253 371
253 374
253 495
253 876
253 918
254 449
254 521
254 718
254 809
255 553
255 740
255 869
255 909
255 985
256 265
256 361
256 390
256 631
256 825
256 839
256 898
257 599
257 637
257 718
257 940
257 983
258 504
258 599
258 813
259 280
259 392
259 403
259 407
259 693
260 437
260 456
261 287
261 518
261 542
262 381
262 392
262 667
262 698
262 876
263 353
263 483
264 300
264 821
265 345
265 470
265 799
265 805
265 863
265 903
266 426
266 463
266 552
266 715
266 930
267 465
267 767
267 956
268 359
268 497
268 674
268 811
268 905
269 890
269 903
270 658
271 335
271 398
271 423
271 704
271 795
271 947
271 993
272 384
272 667
272 747
272 750
272 765
273 577
273 980
274 404
274 475
274 738
274 778
275 276
275 485
275 817
275 927
275 990
276 519
276 838
277 505
277 647
277 862
277 940
278 365
278 769
279 448
279 522
280 491
280 545
280 691
280 775
280 974
281 415
281 440
281 619
281 755
281 915
282 410
282 977
283 341
283 432
283 575
283 774
283 800
283 831
284 728
284 742
284 756
285 766
285 881
285 939
286 769
286 854
286 864
287 372
287 918
288 481
288 593
289 326
290 784
290 844
291 763
291 800
292 430
292 539
292 576
292 892
292 958
293 344
293 363
293 496
293 665
293 673
293 852
294 334
294 643
294 708
294 848
295 472
295 482
295 661
295 938
296 915
296 946
297 628
297 729
297 788
297 799
298 447
298 603
298 629
298 650
298 880
299 415
299 592
299 616
299 785
299 862
299 883
300 660
300 687
300 994
301 915
302 367
302 514
302 640
302 723
302 795
303 445
303 499
303 692
303 841
303 964
306 399
306 650
306 947
307 365
307 489
307 710
308 324
308 344
308 357
308 358
308 722
308 746
309 554
309 725
309 760
309 877
309 958
310 421
310 606
310 945
310 968
310 989
311 808
311 851
312 412
312 878
313 367
313 556
313 594
313 772
314 405
314 512
314 602
314 894
315 515
315 944
315 951
315 974
316 664
316 723
316 832
316 918
316 989
317 634
317 747
317 811
317 856
317 882
318 572
318 620
318 894
318 986
319 782
319 937
320 410
320 506
320 992
321 594
321 858
322 562
322 587
322 875
323 353
323 488
323 613
324 460
324 466
324 657
325 445
325 553
325 657
325 735
325 927
325 938
326 412
326 511
326 672
326 812
326 925
326 933
326 944
327 584
327 715
327 741
327 897
327 924
328 348
328 546
328 592
328 972
329 547
330 446
330 503
330 887
331 362
331 394
334 502
335 591
335 660
335 805
335 927
335 942
336 457
336 548
336 863
337 475
337 710
337 744
337 906
338 437
338 458
338 713
339 867
339 868
340 696
340 891
341 380
341 423
341 564
341 668
342 708
343 426
343 499
343 535
343 721
343 839
343 943
343 998
344 646
345 880
346 571
346 620
346 820
347 371
347 431
347 630
347 850
347 890
347 945
347 990
348 541
348 942
349 490
349 499
349 618
349 660
349 753
349 804
349 860
351 395
351 914
352 674
352 705
353 876
354 832
355 412
355 582
355 680
355 746
355 810
355 992
356 539
356 540
356 600
356 681
357 476
357 564
357 821
357 915
357 999
358 426
358 843
358 867
360 720
362 525
362 531
362 610
362 614
362 669
362 733
362 740
362 790
363 423
363 559
363 938
364 624
365 383
365 779
365 949
365 959
366 796
366 845
366 918
367 408
367 985
368 394
368 455
368 640
369 857
371 513
372 465
372 606
372 668
373 456
373 879
373 951
374 381
374 868
374 988
375 711
375 755
375 932
375 970
376 506
376 869
377 562
377 860
378 766
378 816
379 514
379 565
379 883
380 684
380 886
381 388
381 595
381 698
381 912
381 949
382 668
382 768
382 773
383 759
383 942
384 556
384 568
384 706
384 996
385 519
385 638
385 846
386 430
386 500
386 644
386 851
387 548
387 561
387 825
387 865
388 421
389 415
389 598
389 663
389 836
390 893
391 413
391 462
391 941
392 518
392 819
393 465
393 684
394 740
394 864
395 488
395 565
395 632
395 818
395 936
395 998
397 579
397 687
397 824
397 858
397 927
398 453
398 566
398 903
398 921
399 423
399 472
399 632
399 901
399 970
401 444
402 470
402 617
402 670
402 991
403 564
403 586
403 762
404 830
405 653
405 704
405 752
406 628
406 669
406 790
406 797
407 542
407 642
407 791
407 797
407 930
408 521
409 426
409 639
409 646
409 707
410 415
410 733
410 823
410 914
410 959
411 551
411 628
411 773
411 789
411 794
412 782
412 792
412 893
412 933
413 535
413 553
413 558
413 702
413 869
413 947
413 991
414 604
415 830
415 862
415 968
416 838
417 921
418 629
418 632
418 790
420 522
420 645
420 770
420 836
421 680
421 688
421 749
421 816
423 709
423 874
423 992
424 995
424 999
425 725
425 902
426 449
426 691
426 745
427 602
427 920
428 498
429 873
430 842
431 438
431 653
432 437
432 518
432 786
432 900
433 463
433 536
433 609
433 870
433 941
433 945
434 678
434 936
435 949
436 442
436 852
437 484
437 531
437 791
438 444
438 767
439 478
439 511
439 739
440 667
440 674
440 700
441 584
441 593
441 664
441 687
441 767
441 776
442 769
442 777
442 898
443 666
444 527
444 653
444 717
445 529
445 604
445 630
446 608
446 614
447 633
447 772
448 588
448 634
449 833
450 840
450 858
451 966
452 458
452 491
452 594
452 796
452 866
452 873
452 940
452 970
453 807
453 832
454 609
454 746
454 784
454 816
455 750
455 765
455 794
455 908
455 949
456 585
456 749
456 854
457 922
457 938
458 459
458 533
458 654
458 690
458 947
459 825
459 850
460 574
460 589
461 615
461 641
461 707
462 950
463 523
463 710
463 714
463 776
464 484
464 573
464 755
464 848
465 611
465 750
466 744
468 574
468 666
468 753
468 859
469 784
469 815
469 867
469 873
470 579
470 712
470 841
470 875
471 903
471 992
472 525
473 815
473 818
473 977
474 731
474 989
475 506
475 572
475 587
476 595
476 712
476 879
477 667
477 668
477 710
477 804
478 480
478 742
478 969
479 486
479 603
479 812
479 822
479 961
481 814
481 889
481 892
481 905
482 643
482 660
482 779
482 966
483 488
483 592
483 997
484 907
484 948
485 756
485 845
486 532
486 768
486 778
486 939
486 958
487 597
487 754
487 859
487 967
488 720
488 804
488 853
488 855
488 869
489 550
489 603
489 652
489 881
490 663
490 898
491 838
491 881
491 925
491 990
491 998
492 681
492 694
492 758
492 803
492 903
493 664
493 721
493 736
493 744
493 755
494 750
494 751
494 977
495 573
495 973
495 992
496 499
496 842
497 878
498 532
498 533
498 535
498 632
498 701
499 710
499 830
500 825
500 879
501 516
501 743
501 852
502 749
502 762
502 845
502 872
502 887
502 999
503 715
503 942
504 518
504 875
504 963
506 526
506 639
506 805
506 865
507 549
507 863
507 928
507 987
508 535
508 671
508 733
508 986
508 996
509 651
509 728
510 545
510 643
510 936
510 962
511 644
512 542
512 549
512 618
512 941
513 963
515 585
515 587
517 581
517 796
517 842
518 602
518 646
518 686
518 707
518 785
518 847
519 831
519 973
520 578
520 650
520 695
520 973
521 716
522 882
522 910
523 529
524 587
524 866
525 623
526 857
526 869
527 844
528 590
529 604
529 620
529 888
529 999
530 593
530 708
530 793
530 806
530 824
530 849
530 871
531 683
531 776
532 708
532 989
533 563
533 697
533 899
535 616
535 960
536 952
537 605
537 950
539 635
539 839
540 737
540 798
540 801
540 927
541 661
541 934
542 626
542 743
542 917
544 782
545 669
546 875
546 970
547 747
547 944
548 795
548 997
550 605
550 684
552 838
552 979
553 916
554 766
554 982
555 570
557 583
557 638
557 659
558 801
558 875
558 918
559 664
559 777
559 833
559 879
559 916
559 972
560 564
560 733
560 877
560 966
562 572
562 587
562 945
562 985
563 607
565 666
566 755
566 783
566 832
567 705
567 839
567 869
567 976
568 907
569 813
570 945
571 624
571 904
572 850
573 810
573 823
573 840
573 983
574 746
575 604
575 674
575 845
576 661
576 831
577 826
577 841
577 893
578 617
578 704
578 908
579 975
579 999
580 641
580 677
580 717
580 812
581 728
581 920
582 607
582 971
583 602
583 632
583 695
583 758
583 783
583 887
584 586
584 593
585 625
585 652
585 989
587 607
587 636
587 837
587 937
588 754
588 765
589 669
589 900
590 859
590 935
591 676
591 691
591 739
591 751
591 892
592 669
592 721
592 961
593 795
594 636
594 772
594 838
594 860
594 941
596 626
596 833
597 968
599 777
599 908
600 821
600 863
600 934
601 604
601 627
601 713
601 997
602 633
603 817
603 888
604 675
604 828
604 930
605 654
605 743
606 696
606 722
606 866
606 924
606 953
607 776
607 866
607 914
608 765
609 662
609 703
609 708
609 811
610 619
610 732
610 777
610 930
611 702
611 869
611 875
611 914
612 649
613 685
613 789
613 874
614 978
615 758
615 832
615 921
616 748
616 798
617 744
618 811
618 869
618 896
619 910
620 715
620 893
620 981
620 992
621 777
621 895
621 937
622 810
622 843
624 644
624 653
624 702
624 823
625 731
625 831
625 850
625 854
625 888
627 713
627 763
627 939
627 983
628 639
628 870
631 769
631 879
631 885
631 899
631 953
632 735
632 908
633 846
634 807
635 705
635 756
635 844
636 810
637 654
638 642
638 829
638 887
639 823
640 641
640 896
640 924
640 990
641 694
641 835
642 655
642 835
642 836
643 793
643 796
643 826
644 752
644 781
644 889
644 990
645 901
646 698
647 968
649 734
650 689
650 901
651 808
651 917
652 897
654 734
654 810
655 970
656 828
657 852
657 949
658 669
658 808
658 873
658 894
659 806
659 911
659 936
660 696
660 705
660 933
660 996
661 705
661 888
661 930
661 998
663 749
665 891
665 899
667 741
667 893
668 778
668 786
669 940
670 877
670 949
670 984
671 872
672 728
673 684
673 755
673 815
673 986
673 990
674 726
674 940
675 745
675 935
675 983
677 693
677 817
677 913
677 981
679 721
680 738
680 777
680 994
681 686
681 894
684 765
684 937
685 762
685 766
685 776
686 703
686 817
686 841
686 971
687 964
688 761
688 889
689 731
689 860
689 869
690 814
690 936
691 806
691 839
692 701
692 887
695 813
696 982
698 825
698 955
699 725
699 752
701 811
701 989
702 892
703 715
703 752
703 775
704 741
706 865
710 791
710 989
711 959
712 962
713 834
714 837
714 984
715 904
715 940
715 993
717 726
717 740
719 849
719 970
721 846
721 979
724 727
724 823
724 913
724 985
725 887
725 998
726 735
726 940
727 931
727 978
728 809
730 788
730 828
730 846
732 816
732 820
732 876
734 750
734 861
735 842
735 916
736 768
739 865
739 888
739 940
740 819
741 764
741 839
741 984
743 790
743 855
743 873
743 880
743 904
744 753
744 755
744 775
744 777
744 789
745 768
745 810
746 854
746 894
747 775
747 831
747 893
747 985
748 893
750 905
751 828
751 965
752 965
753 756
753 832
754 810
755 907
756 862
756 941
757 792
757 843
758 789
761 866
761 869
761 938
762 937
763 809
763 914
764 949
765 916
767 986
767 992
770 823
771 822
771 943
772 786
772 918
773 804
774 853
774 893
774 944
775 806
777 937
778 952
779 832
780 786
782 893
783 816
783 864
784 969
785 898
785 923
785 926
785 938
787 846
788 920
789 807
789 993
790 795
791 931
792 911
792 949
793 828
793 932
794 862
796 910
797 957
797 977
797 994
798 902
799 899
800 857
800 905
802 990
803 805
803 936
803 937
805 996
807 922
808 823
808 874
808 878
809 857
809 920
809 941
810 828
811 921
812 929
814 833
815 903
815 970
818 958
818 979
818 983
818 990
819 883
821 838
821 885
823 853
824 865
824 868
824 991
825 859
827 992
828 963
828 993
830 915
830 970
831 990
832 901
833 966
833 986
834 859
834 982
837 985
837 989
841 924
848 922
852 972
852 973
853 972
854 994
856 961
857 949
858 895
858 964
864 866
864 885
866 900
866 956
873 980
874 985
874 989
876 980
876 994
878 899
879 950
879 971
879 977
880 915
882 917
882 946
882 964
889 958
894 898
894 948
895 938
900 920
904 940
904 981
912 937
914 982
915 917
915 937
915 948
918 975
921 931
928 949
930 948
930 972
932 960
934 948
934 968
938 942
951 999
953 977
953 984
957 972
958 980
963 973
972 983
972 997
974 977
