1000 2500
0 125
0 225
0 510
0 567
0 583
0 790
0 983
1 126
1 153
1 346
1 879
1 926
1 955
2 256
2 445
2 604
2 605
2 651
2 770
2 929
2 938
3 183
3 621
3 715
3 845
4 61
4 314
4 335
4 350
4 525
4 789
4 935
4 950
5 9
5 157
6 449
6 452
6 522
6 659
6 745
6 828
6 964
7 75
7 352
7 360
7 656
7 731
7 756
8 232
8 346
8 541
8 641
8 710
8 809
8 929
8 960
9 134
9 288
9 347
9 354
9 355
9 923
10 162
10 730
11 185
11 383
11 421
11 450
11 566
12 91
12 236
12 342
12 458
12 806
13 140
13 310
13 569
13 633
13 794
13 830
14 61
14 135
14 150
14 321
15 697
16 165
16 300
16 353
16 719
16 823
16 832
16 838
16 879
16 985
17 268
17 313
17 473
17 506
17 559
17 777
17 968
17 975
18 269
18 340
18 439
18 443
18 459
18 476
18 742
18 852
19 370
19 395
19 708
19 720
20 334
20 391
20 651
21 257
21 323
21 500
21 881
22 79
22 259
22 538
22 824
22 833
22 877
22 957
23 118
23 212
23 229
23 561
24 252
24 951
24 978
25 395
25 708
25 954
26 282
26 599
26 738
26 773
26 799
26 944
27 81
27 347
27 641
27 692
28 93
28 96
28 879
28 951
28 965
29 309
29 385
29 458
29 558
29 726
29 744
29 836
30 320
31 98
31 182
31 336
31 337
31 447
31 631
31 670
31 962
32 366
32 375
32 427
32 570
33 284
33 320
33 377
33 633
33 830
34 383
34 416
34 430
34 609
34 787
34 820
34 839
34 945
34 948
35 82
35 588
35 630
36 333
36 407
36 513
36 701
36 805
36 823
37 51
37 103
37 725
37 727
37 822
37 969
38 236
38 254
38 261
38 432
38 595
38 601
39 186
39 265
39 420
39 662
39 682
40 119
40 216
40 426
40 978
41 66
41 459
41 808
41 842
41 897
41 899
41 926
42 46
42 203
42 570
42 661
42 939
42 970
43 60
43 394
44 570
44 963
45 321
45 478
45 492
45 724
46 77
46 128
46 305
46 381
46 874
46 941
47 670
47 705
47 756
48 616
48 830
49 61
49 104
49 113
49 217
49 503
49 509
49 596
49 974
49 999
50 97
50 121
50 588
50 755
50 879
50 937
51 254
51 299
51 415
51 558
51 595
51 901
51 975
51 995
52 345
52 600
52 713
52 768
52 976
53 60
53 61
53 121
53 155
53 429
53 569
53 745
53 771
54 55
54 783
54 788
54 835
55 64
55 499
55 914
56 66
56 129
56 242
56 348
56 583
56 802
56 881
58 387
58 507
58 530
58 584
59 104
59 254
59 552
59 584
59 699
59 857
59 923
59 948
60 460
60 532
60 546
60 976
61 65
61 282
62 98
62 120
62 142
62 784
62 938
63 166
63 192
63 391
63 532
63 554
63 793
63 873
64 434
64 748
64 815
64 893
64 916
64 938
64 975
64 986
65 354
65 387
65 414
65 419
65 780
66 560
66 601
66 775
66 874
66 936
67 161
67 259
67 640
67 655
67 714
67 892
67 910
68 471
68 617
68 758
68 811
68 875
69 719
69 941
69 949
69 954
70 359
70 429
71 319
71 660
72 393
72 420
72 670
72 730
72 820
72 850
73 912
73 937
74 202
74 497
74 582
74 869
74 945
74 986
76 152
76 223
76 231
76 645
76 972
77 167
77 499
77 662
77 828
78 87
78 388
78 545
78 668
78 875
79 146
79 588
79 589
79 889
80 410
80 928
81 188
81 471
81 675
81 692
82 313
82 392
82 406
82 620
82 759
83 188
83 200
83 268
83 442
83 624
83 834
83 968
84 228
84 369
84 406
84 455
84 907
85 390
86 235
86 266
86 494
86 557
86 652
86 882
86 891
86 895
87 139
87 264
87 395
87 398
87 622
87 761
87 787
87 945
88 416
88 461
88 506
88 617
88 665
89 310
89 587
91 330
91 623
91 841
91 917
92 150
92 487
92 573
92 708
92 827
92 854
92 991
93 157
93 681
93 689
94 128
94 782
94 894
94 940
95 210
95 346
95 408
95 666
95 668
95 713
95 718
95 909
96 509
96 511
96 656
96 752
96 772
96 928
97 358
97 472
97 920
97 922
98 176
98 718
98 915
98 987
99 102
99 143
99 269
99 704
99 799
100 999
101 520
102 294
102 364
102 365
102 443
102 754
102 923
102 986
103 324
103 406
103 491
103 675
103 800
103 831
103 858
104 187
104 228
104 338
104 536
104 540
104 656
104 711
104 837
104 963
105 375
105 896
105 946
106 197
106 213
106 329
106 331
106 337
106 672
106 726
106 816
106 883
107 392
107 779
107 840
107 974
108 125
108 178
108 364
108 696
109 334
109 416
109 460
109 470
109 479
109 585
109 713
109 944
110 148
110 585
110 672
110 875
110 891
111 203
111 253
111 292
111 345
111 371
111 823
111 876
112 163
112 437
112 733
112 752
112 953
112 982
113 162
113 205
113 465
113 496
113 587
113 802
114 454
114 613
114 667
114 737
115 228
115 401
115 455
115 809
115 835
116 183
116 332
116 419
117 131
117 339
117 779
118 243
118 350
118 411
118 516
118 772
118 899
118 966
119 151
119 166
119 266
119 482
119 581
119 723
119 921
119 924
120 254
120 331
120 499
120 769
120 832
120 964
121 348
121 439
121 592
121 709
121 767
121 854
121 977
122 382
122 811
122 956
123 180
123 189
123 581
124 298
124 550
124 555
124 570
125 513
125 570
125 771
125 853
126 587
126 728
127 390
127 440
127 552
127 780
128 188
128 341
128 520
128 536
128 649
128 924
129 889
129 925
130 257
130 522
130 689
131 283
131 349
131 355
131 409
131 611
131 811
131 882
132 349
132 477
132 478
132 979
133 201
133 680
134 295
134 520
134 583
134 964
134 986
135 979
136 237
136 500
136 892
137 308
137 610
137 656
137 682
138 331
138 705
138 749
138 753
139 241
139 267
139 441
140 309
140 438
140 538
140 866
140 975
141 198
141 349
141 471
141 501
141 681
141 882
141 943
142 198
142 257
142 659
143 162
143 415
143 493
144 531
144 667
144 695
144 760
144 812
144 841
145 325
145 846
146 456
146 494
146 641
146 767
146 879
147 244
147 247
147 505
147 630
147 855
147 995
148 196
148 251
148 256
148 495
148 513
149 243
149 377
149 387
149 403
149 405
149 525
149 696
149 702
150 209
150 364
150 384
150 473
150 483
150 653
152 345
152 420
152 787
152 865
152 963
153 164
153 206
153 254
153 279
153 434
153 556
153 618
153 938
153 944
154 169
154 185
154 383
155 195
155 267
156 223
156 246
156 768
156 894
156 922
157 633
157 648
157 690
157 722
158 431
158 555
158 619
158 677
158 938
159 193
159 313
159 824
160 221
160 498
161 310
161 648
161 920
162 464
162 782
162 825
163 384
163 450
163 494
163 597
163 632
164 686
164 702
165 202
165 396
165 988
166 716
167 362
167 606
167 699
167 898
168 271
168 427
169 370
169 647
169 672
170 438
170 539
170 553
170 761
170 816
171 197
171 362
171 408
171 422
171 655
171 723
171 991
172 228
172 507
172 677
172 765
173 994
174 240
174 339
174 434
174 448
174 724
175 448
176 618
176 731
177 317
177 468
177 585
177 731
177 917
177 952
177 969
177 988
178 582
179 668
180 276
180 335
180 372
180 396
180 642
180 837
181 260
181 478
181 964
182 309
182 600
182 618
183 190
183 404
183 665
183 709
183 877
184 244
184 280
184 866
185 244
185 364
185 603
185 659
185 791
185 824
186 325
186 510
186 855
187 194
187 241
187 264
187 415
187 422
187 623
187 898
187 908
188 249
188 373
188 410
188 420
188 525
188 617
188 663
189 471
189 550
189 644
189 904
190 279
190 284
190 523
190 650
191 537
191 916
192 211
192 326
192 395
192 485
192 721
192 747
192 994
193 291
193 311
193 628
193 632
193 666
193 825
194 489
194 513
194 810
194 835
195 433
195 517
195 657
195 957
196 217
196 453
196 872
197 978
198 295
198 402
198 584
198 797
199 349
199 662
199 756
199 829
200 219
200 921
201 469
202 247
202 462
202 495
202 859
202 866
202 957
203 560
203 623
204 419
204 421
204 667
204 669
204 714
204 951
205 241
205 268
205 281
205 664
205 964
206 523
206 920
207 379
207 410
207 467
207 716
208 735
208 777
208 923
209 699
209 782
209 870
210 309
210 706
210 741
211 252
211 386
211 566
212 416
212 480
212 712
212 782
212 935
212 979
213 228
213 358
213 669
213 719
214 259
214 622
214 875
214 988
215 255
215 307
215 724
215 962
216 705
217 951
218 456
218 614
218 671
218 692
218 720
218 724
218 931
219 706
219 884
219 974
220 624
220 782
220 868
221 337
221 384
221 584
222 412
222 474
222 503
223 498
223 520
223 608
223 949
223 969
224 411
224 505
224 552
224 559
224 778
224 907
225 524
225 823
226 691
226 855
226 873
227 327
227 415
227 597
227 876
228 567
228 585
228 826
228 920
229 348
229 407
229 624
229 906
230 358
230 465
230 526
230 598
230 847
230 955
231 990
232 277
232 361
232 607
232 609
232 841
232 885
233 253
233 258
233 357
233 624
233 758
233 783
233 841
234 240
234 398
234 426
234 495
234 532
234 583
234 692
234 835
234 913
234 973
234 990
235 249
235 288
235 383
235 702
235 863
235 943
235 974
236 574
236 818
237 905
237 923
238 372
238 447
238 587
238 618
238 728
238 943
239 868
240 965
241 519
241 558
242 326
242 929
243 301
243 843
243 967
244 327
244 437
244 528
245 269
245 662
245 764
245 791
246 306
246 328
246 633
246 710
246 720
246 950
247 427
248 785
248 969
249 416
249 782
250 393
250 448
250 578
250 629
251 288
251 602
251 737
251 784
252 274
253 382
253 559
254 570
255 281
255 305
255 381
255 587
255 842
255 961
256 780
257 306
257 455
257 643
257 802
257 867
257 919
257 925
257 951
258 341
258 361
258 630
259 555
259 721
259 773
260 361
260 442
260 759
260 900
260 970
261 382
261 583
261 818
261 875
262 400
262 452
262 607
262 707
262 768
262 959
263 464
263 523
263 727
263 916
264 447
264 513
264 564
264 587
264 835
265 327
265 353
265 692
265 978
265 992
266 272
266 298
266 588
266 630
266 713
266 783
266 854
266 928
267 337
267 478
267 779
267 908
267 964
268 447
268 587
268 644
268 887
269 314
269 550
269 674
269 676
269 808
270 450
270 524
270 621
270 682
270 841
271 489
271 784
272 610
272 724
272 910
273 297
274 288
274 584
275 453
275 514
275 602
275 667
275 964
276 457
276 464
276 555
276 616
276 867
276 868
276 885
277 441
277 449
277 793
277 833
277 838
277 893
277 923
277 936
278 625
278 788
279 480
279 544
279 842
279 870
280 333
280 938
281 385
281 859
281 948
281 954
282 348
282 549
282 733
282 811
282 819
282 900
283 471
283 496
283 543
283 626
283 659
283 766
283 914
284 490
284 555
284 994
285 541
285 597
285 614
285 794
285 887
286 332
286 630
287 687
287 743
287 944
288 590
288 689
289 410
289 908
290 299
290 711
291 315
291 444
291 639
291 779
292 425
292 819
293 347
293 641
293 736
294 313
294 428
294 547
294 564
295 339
295 342
295 448
295 691
295 841
295 895
296 335
296 472
296 787
296 924
297 535
297 901
297 979
297 994
298 436
298 494
298 734
299 443
299 772
299 798
299 810
299 817
299 819
299 845
299 871
300 671
300 709
300 752
300 940
300 961
301 404
301 606
301 937
301 964
302 540
302 937
302 958
303 310
303 640
303 768
303 962
304 326
304 417
304 927
305 773
305 840
306 313
306 449
306 459
306 610
306 964
307 662
307 687
308 336
308 546
308 624
308 645
308 674
308 688
308 880
309 427
309 621
309 666
309 687
309 707
310 368
310 402
310 480
310 922
311 319
311 425
311 611
311 979
312 575
312 662
313 828
314 540
314 543
315 354
315 594
315 919
315 951
316 442
316 443
316 559
316 580
316 609
317 397
317 402
317 532
317 859
317 998
318 346
318 368
318 560
318 561
319 766
319 989
320 432
320 545
320 605
320 658
320 710
320 716
320 738
320 858
321 496
321 674
322 412
322 430
322 794
322 862
323 391
323 466
323 928
324 407
324 455
324 821
324 874
325 666
325 877
326 829
326 906
326 925
326 988
327 629
328 369
328 578
328 763
328 851
328 992
329 361
329 810
329 907
330 522
330 576
330 931
331 718
331 762
331 771
332 366
332 569
332 856
332 959
333 740
333 760
333 790
334 458
334 459
335 585
335 689
336 407
336 677
336 686
336 939
336 959
337 398
337 521
337 775
337 832
338 492
338 738
338 743
340 551
340 846
340 938
341 346
341 704
341 883
342 747
342 955
343 393
343 654
344 628
344 951
345 413
345 604
345 746
347 512
347 547
347 557
347 650
348 425
348 497
348 576
348 802
349 515
349 844
349 924
350 425
350 467
350 622
351 719
351 981
352 461
352 545
352 643
353 389
353 581
354 837
355 583
355 648
355 730
355 865
356 999
357 444
357 962
358 463
358 810
358 903
358 963
359 485
359 977
360 836
360 889
360 970
361 671
361 789
362 383
362 543
363 461
363 725
363 736
363 758
363 978
364 620
366 462
366 648
366 696
367 505
367 519
368 435
368 439
368 540
368 618
368 650
368 713
369 556
369 560
369 970
370 496
370 634
370 803
370 992
371 444
371 581
371 746
371 780
371 979
372 406
372 414
372 470
372 876
373 540
373 670
373 763
374 425
374 486
374 618
374 693
374 787
374 863
376 679
376 680
376 923
377 697
377 703
377 904
377 915
378 509
378 590
378 710
378 945
378 978
378 980
379 528
380 477
380 550
380 803
380 892
380 898
381 496
381 563
381 955
382 659
382 680
382 789
382 931
383 802
383 848
383 953
384 399
384 445
385 417
385 594
385 650
385 835
385 929
385 995
386 747
386 751
387 477
388 792
388 815
389 801
389 835
389 873
390 455
391 620
391 856
392 443
392 733
392 968
393 518
393 647
393 731
395 598
395 984
396 483
396 532
396 718
396 806
398 544
398 807
399 426
399 503
399 685
399 850
399 912
399 959
400 415
400 651
400 670
401 585
401 805
402 787
403 415
403 556
403 770
404 462
404 494
404 501
404 526
404 807
404 966
405 727
405 782
405 813
405 887
406 447
406 487
406 655
406 910
407 617
407 690
408 427
408 516
408 525
408 976
409 422
409 520
409 542
409 743
409 929
410 461
410 597
410 724
410 779
410 919
411 565
411 692
411 724
411 916
412 687
412 688
412 765
412 936
414 800
414 810
414 864
414 865
415 451
415 645
416 652
416 843
416 882
416 906
417 694
417 936
418 568
418 658
418 666
419 714
420 452
420 500
420 719
421 631
421 991
422 550
422 574
422 653
422 850
422 962
423 467
423 584
423 752
423 835
424 446
424 639
424 758
425 580
425 607
426 556
426 644
426 938
427 706
427 940
428 673
428 916
428 981
428 998
429 917
430 558
430 818
430 896
432 735
432 873
432 932
433 468
433 761
433 799
434 617
434 893
435 892
435 952
435 986
436 509
436 562
436 913
437 600
437 612
437 656
437 989
438 448
438 672
438 724
438 799
438 850
438 994
440 649
441 502
441 547
441 550
442 727
442 761
442 891
444 460
444 610
445 789
445 830
446 453
446 516
446 548
447 570
447 671
447 855
447 912
447 934
448 716
448 788
448 969
448 984
450 568
451 521
451 564
451 652
451 745
451 753
451 848
451 855
452 625
453 741
453 982
454 554
454 732
455 490
455 637
455 689
455 994
456 465
456 499
456 574
456 851
456 956
457 584
457 626
457 779
457 827
457 858
459 819
459 921
459 977
460 583
460 764
460 883
461 714
461 753
461 761
462 553
462 762
462 770
462 802
462 907
463 580
463 963
463 972
464 490
464 727
464 780
464 961
465 862
466 722
466 836
467 705
468 526
468 565
468 702
468 804
469 520
469 766
469 769
469 773
470 474
470 587
472 584
472 773
472 779
472 812
472 828
472 869
472 923
472 932
473 821
473 926
473 943
474 537
474 643
474 699
475 635
475 745
475 766
475 784
475 851
475 976
475 979
475 983
476 857
476 867
476 881
476 932
476 997
477 608
477 736
478 694
478 712
479 805
479 895
480 540
480 826
481 546
481 994
482 511
482 789
483 739
483 771
483 785
484 965
485 651
485 707
485 740
485 916
486 600
486 659
487 589
487 729
487 820
487 834
487 860
487 901
488 856
488 879
489 877
489 908
490 661
490 694
491 628
491 837
491 998
492 614
492 628
492 882
493 694
493 950
493 961
494 508
494 633
494 831
495 537
495 909
496 684
496 734
497 716
497 828
497 848
498 528
498 647
498 689
499 649
499 973
500 859
500 873
500 902
500 944
501 647
501 946
503 529
503 578
503 731
504 514
504 751
504 850
504 863
504 995
505 659
505 758
505 989
506 714
506 729
507 670
507 761
507 802
507 845
509 657
509 859
510 782
510 809
511 813
512 626
512 810
513 759
513 881
513 953
514 813
514 916
516 611
516 685
516 861
516 915
517 599
517 712
517 972
518 578
518 632
518 917
518 937
518 988
519 544
519 628
519 691
519 723
519 780
519 985
520 748
520 759
521 814
522 562
522 616
523 546
523 568
523 836
523 890
524 615
524 645
524 656
524 680
524 839
524 851
524 947
525 528
525 720
525 920
526 648
526 857
527 948
528 974
529 728
529 798
529 855
530 544
530 639
530 920
531 655
531 677
531 767
532 643
532 890
532 995
533 795
533 874
533 879
534 765
535 743
536 585
536 786
536 956
537 723
538 585
538 603
538 633
538 653
538 746
538 900
539 607
539 765
539 921
539 972
539 979
540 640
540 725
540 818
541 621
541 743
541 957
542 707
542 787
542 852
542 853
543 808
543 858
543 992
544 587
544 754
544 776
545 940
545 964
545 985
546 837
549 586
549 684
549 691
549 996
550 701
550 855
550 874
551 676
551 693
551 963
552 773
552 822
554 635
554 677
554 788
555 999
556 819
557 566
558 793
558 893
559 589
559 675
559 814
559 859
559 989
560 668
560 870
563 598
563 651
563 689
563 694
563 786
563 921
564 715
565 624
565 763
565 802
565 889
567 633
567 650
567 905
567 955
567 975
568 686
568 975
569 620
569 846
570 818
570 894
570 943
570 955
570 991
570 999
571 645
571 733
571 898
571 922
572 706
574 596
575 791
576 959
576 972
577 726
577 806
577 875
577 936
580 584
580 701
580 707
580 825
580 909
581 605
581 755
581 881
582 595
582 664
582 665
582 681
582 827
583 613
583 766
584 809
585 600
585 847
586 664
586 774
586 843
587 664
587 676
587 770
588 594
588 692
588 758
589 621
589 719
590 692
590 763
591 605
591 952
593 640
593 647
593 796
593 805
594 597
594 605
594 698
594 965
595 623
595 689
595 856
596 891
597 669
597 881
598 641
598 783
598 918
599 683
599 719
599 881
600 621
600 637
600 680
600 815
600 839
601 782
602 707
603 871
603 905
604 727
604 792
604 805
607 795
610 737
612 649
612 687
612 926
614 934
615 832
615 869
615 941
617 834
618 624
620 749
620 751
620 918
622 769
622 996
623 904
623 942
624 738
624 755
626 729
627 876
628 774
628 903
628 911
628 953
629 675
629 707
630 653
630 778
630 996
631 647
631 857
631 968
633 667
633 827
634 682
635 717
636 664
636 904
637 707
637 711
637 787
637 924
641 719
642 649
642 731
643 651
643 736
644 809
644 858
644 868
647 904
648 685
648 928
648 998
649 797
649 831
653 794
655 746
655 879
655 935
655 990
656 842
657 956
658 697
658 994
660 855
660 986
661 764
661 807
662 829
663 757
664 850
664 991
666 973
668 866
668 900
668 924
668 968
670 817
670 908
672 687
672 793
672 851
672 884
674 698
674 900
676 777
677 732
677 758
677 824
677 969
678 931
679 904
680 861
680 999
681 815
681 914
682 739
682 824
684 826
684 907
685 849
686 987
687 737
687 878
687 880
688 908
689 717
689 804
689 817
689 977
689 984
690 781
690 910
691 776
691 790
691 924
691 958
693 855
693 930
694 816
694 895
694 988
695 822
696 750
696 825
696 920
697 918
697 997
698 756
698 810
698 850
699 974
700 708
700 776
701 826
701 869
702 779
702 837
702 844
703 836
703 898
703 903
704 751
706 738
709 812
710 902
710 949
711 886
711 917
713 918
714 977
716 740
716 835
716 913
717 941
718 847
718 890
720 946
721 975
722 792
722 936
724 735
724 772
725 822
727 967
728 835
729 813
729 950
730 827
731 901
731 919
731 928
731 997
732 772
732 781
733 961
734 927
736 806
736 898
739 912
740 889
743 871
743 892
744 889
745 754
745 990
746 775
746 844
747 816
747 875
747 921
749 921
749 973
750 834
751 816
752 899
753 930
753 961
754 788
754 898
754 925
755 768
755 912
760 979
761 857
764 823
765 990
766 887
766 943
767 810
767 965
768 777
768 810
768 915
769 784
769 851
771 840
771 871
772 996
773 795
774 860
775 873
776 930
776 981
777 901
777 963
778 918
778 949
778 960
778 972
779 948
781 964
781 983
783 889
784 938
787 986
787 988
788 927
789 875
790 799
791 854
791 894
791 912
793 803
793 905
798 974
800 944
801 878
801 879
803 817
804 937
804 985
805 838
805 933
806 817
806 911
808 904
811 875
812 875
813 997
814 903
815 935
816 969
816 974
817 832
818 830
818 879
820 882
820 934
820 978
821 962
822 930
822 938
822 978
825 892
826 841
828 927
829 831
829 845
831 972
832 965
832 972
834 842
834 923
834 990
836 884
836 941
836 949
841 889
841 893
842 962
842 993
844 944
845 913
845 915
847 900
850 964
853 899
854 878
856 948
857 886
860 960
862 894
866 876
867 917
868 895
868 943
869 902
869 978
874 939
874 979
875 988
876 909
877 893
877 941
877 967
879 880
879 926
881 914
883 986
884 889
884 895
885 927
892 908
893 979
898 975
899 951
900 926
901 920
902 905
905 964
908 934
910 933
913 922
914 968
916 946
918 999
929 948
932 994
935 975
946 982
952 992
961 984
967 981
972 984
978 991
