100 250
0 5
0 17
0 30
0 33
0 38
0 64
0 87
1 17
1 25
1 41
1 61
1 82
1 84
2 52
2 61
2 81
2 90
2 98
3 16
3 20
3 23
4 10
4 15
4 19
4 27
4 71
5 11
5 75
6 8
6 17
6 54
6 72
7 72
8 28
8 34
8 53
8 87
9 67
9 75
9 98
10 35
10 57
10 59
10 68
10 69
10 70
10 89
10 96
11 42
11 64
11 80
12 40
12 75
13 32
13 39
13 46
13 56
13 57
13 65
13 71
14 21
14 43
14 63
14 92
14 96
15 48
15 55
15 64
15 66
15 91
15 95
15 96
16 27
16 63
16 66
16 86
16 90
16 97
17 32
17 72
17 88
18 35
18 85
19 44
19 55
19 65
19 75
19 98
20 81
21 23
21 52
21 93
22 40
22 47
22 82
22 92
23 24
23 53
23 89
23 99
24 57
24 63
24 70
24 90
24 96
25 31
25 33
25 51
25 59
25 76
26 30
26 39
26 85
26 98
27 34
27 42
27 58
27 61
27 75
27 77
27 89
27 94
28 50
28 58
28 69
28 73
29 47
29 64
29 68
29 79
31 62
31 75
32 38
32 43
32 52
32 60
33 86
34 58
35 50
35 58
36 59
36 73
36 84
37 58
37 73
37 74
37 78
38 46
38 48
38 54
38 59
38 75
39 40
39 86
39 95
40 52
40 76
41 42
41 53
41 54
41 58
41 75
41 76
41 95
42 45
42 65
42 73
43 48
44 95
45 79
45 86
45 90
46 63
46 77
46 92
47 49
47 60
47 83
47 93
48 98
49 87
49 89
50 80
50 93
51 75
51 86
51 92
51 99
52 66
52 92
53 89
54 58
54 66
55 87
56 75
56 87
57 61
57 69
57 70
57 79
57 85
58 66
58 97
60 71
60 90
60 93
60 95
60 97
61 66
61 71
61 74
61 77
61 94
62 78
63 75
63 80
63 94
64 78
64 96
65 68
65 81
65 85
66 91
66 94
67 86
67 94
67 99
68 70
69 86
69 99
70 83
70 85
70 93
71 87
72 98
73 76
74 86
75 98
76 81
76 83
77 91
78 80
80 90
81 89
81 92
85 93
86 87
89 95
92 96
93 97
