100 250
0 2
0 9
0 43
0 51
0 52
0 56
0 83
0 95
1 4
1 28
1 56
1 65
1 92
2 17
2 49
2 50
2 59
2 61
3 22
3 34
3 60
4 64
5 10
5 19
5 27
5 46
5 63
5 77
5 81
5 88
6 26
6 34
6 50
6 60
6 68
6 87
7 9
7 16
7 43
7 62
9 39
9 81
9 84
9 91
10 44
10 69
10 99
11 16
11 19
11 21
11 37
11 38
11 42
11 54
11 71
11 83
11 85
12 27
12 42
12 52
12 57
12 60
12 92
13 15
13 17
13 22
13 25
13 36
13 41
13 49
13 60
13 74
13 84
13 98
14 48
15 18
15 24
15 76
16 30
16 36
16 37
16 48
16 57
17 34
17 57
17 77
17 89
18 22
18 33
18 49
18 68
18 72
18 85
18 86
19 25
19 29
19 57
19 76
19 77
19 85
20 64
21 22
21 26
21 56
22 25
22 64
22 88
23 25
23 49
23 53
24 40
24 64
24 66
24 77
25 33
25 35
25 36
25 58
25 80
26 41
26 99
27 73
27 80
27 83
27 93
28 31
28 41
28 43
29 42
29 67
30 36
30 63
30 76
30 78
30 84
30 86
31 60
32 40
32 97
32 98
33 46
33 62
33 64
33 71
34 58
34 69
34 93
35 41
35 51
35 56
35 82
35 84
35 86
37 64
37 80
37 90
37 98
38 40
38 56
38 59
38 66
38 70
39 67
39 95
39 98
40 49
40 60
40 65
40 79
40 96
41 65
42 89
43 44
43 45
43 54
43 68
44 68
44 92
45 62
45 66
46 48
46 56
46 68
46 77
46 91
47 54
47 61
47 87
47 93
48 86
49 57
49 69
49 93
50 65
50 99
52 53
52 59
52 70
52 82
52 88
53 75
53 78
55 66
55 71
56 62
56 71
57 83
58 62
58 72
58 87
58 88
59 79
60 64
60 74
61 98
62 66
62 72
62 77
63 83
63 93
63 95
63 99
64 70
64 87
64 95
66 80
67 78
67 99
68 69
69 71
69 73
69 74
69 80
70 95
70 97
70 99
72 82
72 87
75 98
76 97
77 78
77 80
77 82
81 92
85 98
88 90
89 99
90 96
91 95
91 98
