100 250
0 1
0 21
0 32
0 73
1 5
1 13
1 21
1 23
1 45
1 63
1 64
1 94
2 18
2 21
2 25
2 29
2 30
2 38
2 80
2 91
2 94
3 11
3 19
3 23
3 41
3 65
3 79
3 82
3 94
4 19
4 29
4 33
4 40
4 56
4 75
4 85
5 21
5 22
5 28
5 44
5 63
5 79
5 84
5 89
6 35
6 57
6 75
7 18
7 28
7 40
7 46
7 62
7 64
7 73
8 38
8 60
8 88
9 14
9 27
9 36
9 38
9 57
9 80
10 16
10 18
10 36
10 38
10 65
10 69
10 70
10 92
11 26
11 89
11 98
12 64
13 29
13 50
13 59
13 97
14 57
14 77
15 62
15 70
15 94
16 39
16 46
16 78
17 31
17 47
17 49
17 50
17 54
17 65
17 66
18 43
18 52
18 65
18 85
19 35
19 59
20 28
20 73
20 95
21 99
22 53
22 54
22 83
23 28
23 76
24 34
24 59
24 60
24 88
25 26
25 70
26 85
27 34
27 86
27 91
28 42
28 46
29 47
29 51
29 76
30 34
30 48
30 86
30 88
30 95
31 52
31 80
31 81
32 47
32 66
33 47
33 57
33 94
34 37
34 47
34 68
34 71
34 72
35 46
35 90
36 42
36 55
36 70
36 88
37 71
38 66
38 79
38 83
38 92
38 94
39 46
39 49
40 49
40 63
40 87
41 68
41 89
42 48
42 66
42 82
43 68
43 87
44 47
44 82
45 84
45 88
45 89
46 54
46 91
47 49
47 57
47 80
47 90
47 94
48 58
48 59
48 80
48 90
48 98
49 71
49 73
49 93
50 57
50 68
50 78
51 57
51 61
51 65
51 79
51 89
52 55
52 60
52 71
52 79
52 91
53 84
53 93
54 56
54 59
54 87
55 90
56 66
56 71
57 58
57 66
57 70
58 66
59 75
59 98
60 89
61 62
61 90
63 64
63 82
64 90
66 84
66 85
66 98
67 82
68 83
70 80
70 97
71 75
71 82
71 85
71 93
72 99
73 75
73 85
73 89
73 98
74 80
74 90
75 80
75 94
77 84
78 79
78 99
79 84
80 86
80 94
82 99
88 96
89 98
90 95
91 96
