100 250
0 93
1 15
1 16
1 20
1 46
2 4
2 39
2 48
2 55
2 56
2 63
2 82
3 23
3 30
3 43
3 65
3 68
3 77
3 97
4 22
4 23
4 54
4 87
4 99
5 11
5 46
5 75
5 79
6 62
6 68
6 79
6 82
6 92
7 51
7 80
7 95
8 9
8 13
8 62
9 34
9 49
9 55
9 67
9 71
9 98
10 73
10 78
10 89
11 14
11 40
11 64
11 65
11 67
11 80
12 24
12 29
12 45
12 90
13 14
13 52
13 63
13 65
14 18
14 25
14 60
14 70
15 59
15 66
15 79
16 19
17 44
17 56
17 72
17 92
18 24
18 55
18 72
19 81
19 85
19 92
19 95
20 25
20 49
20 54
20 55
20 90
20 95
21 35
21 50
21 73
21 81
21 94
22 30
22 58
22 60
22 70
22 73
23 39
23 64
23 90
23 92
23 93
24 44
24 95
24 98
25 30
25 35
25 36
25 85
26 64
26 69
26 99
27 37
27 45
27 55
27 65
27 98
28 31
28 32
28 41
28 45
28 48
28 54
28 58
28 66
28 78
28 97
28 98
29 53
29 64
29 74
29 78
31 77
31 92
32 35
32 67
32 82
32 92
33 75
33 78
34 47
34 52
34 56
34 62
35 39
35 50
35 91
36 57
36 73
37 89
37 95
38 50
38 52
38 66
39 41
39 45
39 94
40 63
40 71
40 81
40 89
40 93
40 99
41 48
41 56
42 93
43 53
43 61
43 62
43 68
44 57
44 76
44 99
45 83
45 99
46 63
46 66
46 84
46 88
47 54
47 55
47 63
47 71
47 75
47 94
48 63
48 81
49 66
49 80
49 92
49 94
50 72
50 97
51 86
51 98
52 63
52 75
52 78
52 89
52 99
54 75
55 76
56 77
56 84
57 88
57 94
58 90
59 65
59 92
60 84
61 84
61 93
62 89
62 90
63 85
63 92
63 97
65 78
65 87
65 89
66 69
66 70
66 98
68 98
69 71
69 82
69 87
69 99
70 75
71 72
71 77
72 91
73 78
73 79
73 92
75 97
76 94
77 82
78 87
78 96
81 86
82 88
82 98
84 86
84 98
85 87
86 88
88 91
89 91
90 96
