100 250
0 62
0 64
0 76
1 15
1 42
1 52
1 95
2 15
2 29
2 69
2 77
2 91
2 92
3 47
4 22
4 43
4 47
5 15
5 21
5 26
5 39
5 44
5 52
5 57
5 65
5 66
6 14
6 98
7 8
7 29
7 35
7 38
7 56
7 60
7 61
7 62
8 16
8 20
8 34
8 55
8 59
8 77
9 17
9 86
9 92
10 23
10 52
10 75
10 77
10 91
11 25
11 27
11 46
11 82
11 98
12 46
12 48
12 57
12 79
13 45
13 65
13 71
14 15
14 19
14 25
15 21
15 22
15 29
15 34
15 36
15 37
15 40
15 83
16 22
16 23
16 42
16 49
16 54
16 78
16 96
17 70
17 78
18 21
18 48
18 57
18 61
18 67
19 38
19 46
19 52
19 69
19 87
19 89
19 97
20 34
20 73
20 94
21 43
21 61
21 97
22 43
22 54
22 60
22 94
23 31
23 33
23 44
23 74
24 36
24 55
24 72
25 38
25 40
25 49
25 53
25 54
25 77
26 44
26 61
26 84
26 94
27 35
27 51
27 96
27 98
28 43
28 63
28 73
28 83
28 90
29 31
30 49
30 55
30 62
30 78
30 79
31 80
32 67
32 83
33 34
34 48
34 55
34 56
34 97
35 50
36 47
37 64
37 93
37 99
38 86
38 91
39 55
39 63
39 86
40 48
41 97
42 68
42 90
43 61
43 62
44 56
44 82
44 85
44 91
45 56
45 61
45 98
46 54
46 86
47 67
47 71
47 95
48 52
48 53
48 85
48 97
49 50
49 53
49 96
50 55
50 57
50 66
50 70
50 79
50 94
51 52
51 56
51 76
51 81
52 69
52 87
52 96
53 66
53 75
55 94
56 63
56 66
57 61
57 65
57 69
57 80
57 85
57 86
57 87
58 90
59 63
59 81
59 94
60 93
62 64
62 76
62 99
63 85
64 78
65 71
66 76
67 72
67 80
67 84
68 74
69 76
69 81
69 83
69 90
70 76
72 80
75 82
76 89
77 80
78 83
80 91
80 92
80 94
80 98
82 89
82 92
83 86
83 88
84 92
85 87
85 98
86 92
88 89
89 92
89 99
91 93
92 94
92 97
93 98
95 98
