100 250
0 67
0 92
0 99
1 11
1 24
1 69
1 86
1 89
2 12
2 38
2 51
2 97
2 98
3 28
3 43
3 44
3 59
3 62
3 68
3 86
3 87
3 91
3 96
4 74
4 81
4 86
4 88
5 25
5 35
5 47
6 40
6 47
6 52
6 66
6 70
6 71
6 90
6 94
7 22
7 40
7 46
7 80
7 92
8 18
8 34
8 35
8 64
8 81
8 83
8 91
9 25
9 35
9 52
9 90
10 20
10 30
10 40
10 67
10 82
10 99
11 12
11 36
11 72
12 76
12 79
12 82
13 14
13 44
13 52
13 61
13 73
13 84
13 90
14 24
14 42
14 43
14 54
14 82
15 51
15 54
15 84
16 28
16 50
16 74
16 84
17 52
17 85
17 95
18 19
18 37
18 40
18 41
18 80
18 86
18 98
19 39
19 41
19 43
19 44
19 47
19 57
19 74
19 84
19 98
20 69
20 70
20 71
20 74
21 32
21 39
21 63
21 67
22 63
22 64
22 65
22 73
22 78
22 89
22 92
23 27
23 64
23 69
23 85
24 53
24 60
25 37
25 59
25 84
26 37
27 89
28 38
28 50
28 51
28 54
28 60
29 30
29 52
29 71
29 82
30 33
30 42
30 74
30 83
31 79
31 82
32 92
33 70
33 97
34 54
34 75
34 90
35 51
35 55
35 68
35 90
36 45
36 51
36 73
36 78
37 53
37 87
37 88
37 95
38 74
39 61
39 80
39 85
39 91
40 55
40 60
41 44
41 54
41 86
42 43
42 61
42 99
43 75
44 56
44 60
44 62
44 89
45 71
45 74
45 92
45 94
46 56
46 58
46 59
46 61
46 76
47 53
47 57
47 61
47 71
47 73
50 82
50 85
50 93
51 57
52 81
53 68
54 76
54 79
54 94
55 56
55 70
55 75
55 82
55 83
55 98
57 72
57 76
58 63
59 68
59 89
60 64
60 66
60 84
60 87
61 76
61 89
62 90
63 81
63 92
63 95
63 97
63 98
64 88
65 79
65 81
66 94
67 79
70 74
70 82
71 75
71 95
73 86
73 90
74 94
77 85
78 86
78 97
79 83
80 92
83 88
83 96
84 90
86 96
86 97
91 96
