100 250
0 4
0 12
0 32
0 36
0 76
0 77
1 15
1 23
1 41
1 53
1 57
1 76
1 82
2 35
3 6
3 16
3 30
3 68
3 99
4 19
4 32
4 59
4 66
4 83
5 46
5 66
5 73
5 93
6 82
7 26
7 88
7 96
8 39
8 49
8 82
8 97
9 28
9 35
9 56
9 87
10 97
11 62
11 97
12 41
12 48
12 93
12 94
13 26
13 33
13 36
13 42
13 47
13 75
13 92
14 65
14 66
15 32
15 46
15 88
15 98
16 40
16 48
16 66
16 67
16 73
17 66
17 92
17 96
18 56
18 80
19 29
19 31
19 39
19 47
19 58
19 72
19 76
19 79
19 85
19 93
20 27
20 39
20 41
20 54
20 70
20 87
21 27
21 33
21 60
21 61
21 82
21 92
21 95
22 56
22 88
23 25
23 44
23 47
23 67
23 98
23 99
24 60
24 62
25 40
25 47
25 63
26 38
26 63
26 94
27 30
27 38
27 45
29 45
29 51
29 59
29 77
29 81
29 89
30 56
30 59
30 89
30 94
30 99
31 43
31 48
31 72
31 77
31 78
31 95
32 55
32 76
32 82
32 94
33 37
33 42
33 56
33 70
33 79
34 43
34 76
35 43
36 75
37 41
38 42
38 55
38 66
39 42
39 77
41 57
41 62
42 47
42 56
42 73
42 78
42 99
43 56
43 73
43 79
43 99
44 90
45 49
45 64
45 65
45 67
45 80
45 82
46 55
46 73
46 77
46 84
47 48
47 75
47 76
48 51
48 70
48 81
48 82
48 83
50 78
50 85
51 59
51 73
52 60
53 55
54 86
55 57
55 64
55 67
55 93
56 64
56 78
57 72
58 88
58 89
59 74
59 75
59 76
59 78
59 94
60 65
60 75
61 62
62 63
62 65
62 74
63 86
64 67
64 85
65 98
67 82
68 75
68 78
68 82
68 87
68 88
68 95
69 80
70 85
71 93
71 98
72 73
72 75
74 75
74 76
74 80
75 86
75 89
75 98
76 85
76 86
76 88
76 93
76 97
77 82
77 85
77 86
77 95
78 87
78 90
79 87
80 85
82 89
84 86
86 95
87 96
88 90
89 92
91 95
91 99
93 94
