100 250
0 25
0 26
0 29
0 32
0 34
0 62
0 98
1 7
1 11
1 23
1 49
1 62
1 73
1 99
2 66
2 67
2 76
2 89
3 21
3 28
3 46
3 77
3 88
4 8
4 26
4 37
4 74
4 90
5 7
5 64
5 68
5 70
5 75
6 13
6 17
6 18
6 24
6 26
6 44
6 83
7 76
8 35
8 90
9 32
9 63
9 81
9 95
10 51
10 71
11 22
11 38
11 55
11 66
11 86
12 86
13 24
13 48
13 67
14 46
14 59
14 70
14 76
14 79
15 30
15 44
15 86
15 94
16 36
16 39
16 78
16 81
17 18
17 32
17 76
17 94
18 39
18 45
18 46
18 59
18 93
18 96
19 29
19 35
19 41
19 60
19 67
19 69
20 35
20 40
20 60
20 68
20 88
20 97
21 87
21 90
21 94
22 45
22 54
22 61
22 64
22 72
23 60
23 86
23 90
23 91
24 29
24 47
24 49
24 66
24 75
24 94
24 95
25 52
26 35
26 36
26 52
26 59
26 64
26 73
26 77
26 88
26 90
27 75
28 63
28 80
29 51
29 98
30 44
30 64
31 41
31 55
31 79
31 87
31 89
32 36
32 39
32 49
32 59
32 72
32 82
33 39
33 56
33 95
33 96
34 46
34 56
34 62
34 65
34 75
34 82
34 89
34 92
35 38
35 51
35 93
36 43
36 51
36 60
36 95
37 55
38 43
38 52
38 57
38 82
38 88
39 40
39 50
39 52
39 55
39 58
39 67
40 61
40 92
41 72
41 81
42 50
42 93
42 99
43 69
43 71
44 48
45 48
46 48
46 72
47 49
48 57
48 90
48 97
49 54
50 56
50 76
50 79
51 63
52 89
52 90
52 92
52 93
52 99
53 57
53 64
53 71
53 97
54 80
54 96
56 92
58 70
58 92
58 94
59 70
59 97
60 71
61 74
62 93
62 98
63 92
63 95
64 66
64 71
65 80
66 89
66 98
67 78
67 96
69 89
70 86
70 89
71 96
71 97
73 94
73 99
74 88
75 77
75 82
76 93
76 98
77 84
78 79
79 96
80 95
81 98
84 89
85 97
86 92
87 89
88 91
89 95
90 94
93 97
94 95
94 99
