100 250
0 13
0 21
0 87
1 11
1 31
1 49
1 61
1 90
1 93
2 42
2 80
3 59
4 8
4 16
4 19
4 25
4 75
4 84
5 13
5 21
5 35
5 46
5 61
5 77
6 8
6 49
7 12
7 46
7 52
7 53
7 56
8 17
8 18
8 47
8 60
8 76
9 11
9 48
10 31
10 47
10 62
10 68
10 80
10 81
10 83
10 87
11 36
11 66
11 87
11 90
12 29
12 61
12 77
13 22
13 30
13 46
13 55
13 65
13 69
13 93
14 45
14 65
15 29
15 69
16 17
16 30
16 47
16 61
16 86
16 90
17 20
17 29
17 67
17 68
18 24
18 60
18 74
18 75
19 88
20 21
20 28
20 31
20 53
20 58
21 29
21 37
21 59
21 81
21 89
22 26
22 38
22 63
23 45
23 79
24 50
24 71
24 90
25 30
25 53
26 43
26 59
26 71
26 93
27 38
27 62
27 63
27 88
28 42
28 78
29 40
29 73
29 79
29 84
29 85
29 93
30 34
30 37
30 64
30 66
30 87
30 90
31 40
31 58
31 60
31 77
31 92
31 93
32 65
32 69
32 73
32 88
33 42
33 47
33 49
33 61
33 97
34 36
34 41
34 78
35 50
35 51
35 53
35 60
35 62
35 75
35 86
36 41
36 51
36 73
36 74
36 77
36 78
36 89
37 55
37 69
37 86
37 87
37 88
37 93
38 54
38 82
39 49
39 79
39 98
40 58
40 74
40 82
40 88
40 91
41 44
41 55
41 59
42 52
42 58
42 67
42 68
42 93
44 48
44 86
45 65
46 94
47 55
47 80
47 89
48 54
48 55
48 59
48 90
49 53
49 59
49 82
49 93
50 68
50 73
50 97
51 59
51 63
52 53
52 59
52 65
52 85
52 86
53 92
53 96
54 60
55 58
55 64
55 92
56 79
56 87
56 99
57 87
58 65
58 77
58 88
59 63
59 96
60 65
61 75
62 65
62 71
62 82
64 71
64 80
65 90
66 90
67 69
67 89
68 69
68 73
68 81
70 73
70 96
70 97
71 84
72 82
74 76
74 84
74 89
75 77
77 79
77 85
77 95
79 93
80 92
83 97
84 97
86 88
89 97
91 96
