100 250
0 1
0 9
0 31
0 46
0 55
0 85
0 94
0 97
1 16
1 18
1 21
1 95
2 29
2 46
2 51
2 53
2 63
2 67
2 73
2 75
2 78
2 99
3 17
3 38
3 56
3 65
3 94
4 57
4 92
5 13
5 16
5 29
5 30
6 15
6 40
6 59
6 94
7 17
7 23
7 24
8 55
8 72
9 57
9 83
10 53
10 74
10 84
10 87
10 94
11 18
11 81
11 87
12 21
12 22
12 23
12 77
12 95
13 16
13 42
13 53
13 80
13 98
14 20
14 23
14 31
14 38
14 44
14 52
14 62
14 94
15 18
15 22
15 29
15 37
15 47
15 57
16 47
16 85
17 21
17 22
17 31
17 33
17 45
17 57
17 86
18 26
18 34
18 44
18 47
18 49
18 75
18 77
19 25
19 37
19 44
19 84
20 70
21 71
21 76
21 88
21 95
21 98
22 65
22 82
22 96
23 62
23 65
23 78
23 98
23 99
24 28
25 30
25 44
25 45
25 54
25 61
25 90
26 52
26 63
26 72
26 79
26 95
26 99
27 55
27 57
27 65
27 71
27 79
27 82
27 93
28 59
28 67
28 70
28 87
29 53
29 65
29 85
29 96
30 31
30 96
31 52
31 57
31 73
32 37
32 83
33 45
33 53
33 81
33 95
34 44
34 77
35 61
35 75
35 81
35 86
35 99
36 59
36 70
36 78
38 44
39 64
39 71
39 74
39 86
39 93
39 96
39 98
40 54
40 86
41 70
41 73
41 76
42 51
42 58
42 69
43 58
43 61
43 71
43 76
43 90
43 93
44 45
44 49
44 78
44 90
45 48
45 83
46 48
46 84
46 86
46 90
46 99
47 73
47 75
48 59
48 67
49 70
49 72
50 52
50 60
51 77
52 57
53 71
53 73
55 57
55 88
55 90
55 93
57 73
57 91
58 80
59 64
59 96
60 64
60 69
60 79
60 87
61 79
61 98
62 82
63 84
63 88
64 68
64 77
64 79
65 90
66 81
68 75
70 86
70 92
71 75
71 76
73 95
74 93
74 96
75 80
75 92
77 82
77 94
78 91
78 94
78 96
80 84
80 91
82 99
86 92
91 96
91 98
94 96
97 98
