500 1250
0 106
0 219
0 150
1 388
1 173
1 432
1 471
1 25
1 347
2 489
2 476
2 225
3 227
3 364
3 430
3 111
3 434
3 86
3 319
4 338
4 148
4 22
4 278
4 159
5 80
5 323
5 365
5 54
6 242
6 460
6 29
6 294
7 365
7 177
7 242
7 402
7 445
8 314
8 459
8 494
8 475
9 162
9 227
9 390
9 360
9 211
9 469
9 152
9 479
10 355
10 457
10 492
10 340
10 373
10 470
10 223
11 448
11 489
12 319
12 357
12 439
13 33
13 100
13 133
13 359
13 183
14 352
14 449
14 194
14 37
14 461
14 239
14 405
14 283
14 125
15 296
15 105
15 41
15 139
15 175
15 276
15 280
15 281
17 256
17 417
17 172
17 110
17 85
17 280
17 156
18 120
18 328
18 267
19 269
19 27
19 453
20 200
20 292
20 373
20 230
21 228
21 445
22 486
22 198
22 265
22 139
22 236
22 44
22 171
22 157
23 98
23 172
23 176
23 405
23 217
24 227
24 264
24 428
24 84
24 312
24 217
24 475
24 316
25 491
25 94
25 92
25 414
26 70
26 80
26 210
26 275
26 87
26 221
26 286
26 159
27 196
27 493
27 78
27 272
27 375
27 56
27 151
27 59
28 99
28 260
28 478
28 414
28 330
28 181
28 190
29 41
29 458
29 277
29 444
30 289
30 333
30 269
30 174
30 80
30 439
30 410
30 380
31 422
31 39
31 427
31 337
31 310
32 324
32 37
32 327
32 299
32 206
32 217
33 179
34 248
34 280
34 41
35 70
35 175
36 97
36 450
36 137
36 432
36 435
36 380
36 254
36 351
37 388
37 496
37 309
37 350
38 96
38 353
38 321
38 265
38 220
39 271
39 120
39 218
39 251
40 205
40 385
40 307
40 397
41 66
41 328
41 370
41 116
41 346
41 124
42 422
42 233
42 297
42 48
42 307
42 158
43 160
43 418
43 333
43 376
43 380
43 62
44 296
44 242
44 295
45 364
45 367
45 400
45 308
45 118
46 288
46 226
46 325
46 273
46 118
46 407
46 286
47 394
47 111
48 256
48 458
48 204
48 298
48 144
48 414
49 289
49 468
50 417
50 297
50 329
50 339
50 52
50 87
50 157
51 251
51 166
51 421
51 62
52 122
52 179
52 282
52 220
53 154
53 462
54 198
54 229
54 425
54 238
55 241
55 339
56 302
56 276
56 59
56 383
57 173
57 327
58 354
58 59
58 109
58 302
59 441
59 63
60 66
60 150
61 185
62 388
62 135
62 409
62 174
62 243
62 377
62 351
63 263
63 488
63 329
63 75
63 496
63 409
63 349
64 321
64 386
64 70
64 183
64 478
64 287
65 473
65 474
65 173
65 311
66 267
66 433
66 147
66 278
66 218
66 414
67 195
67 207
67 181
67 315
67 156
68 448
68 357
68 404
68 261
69 387
69 421
69 207
69 273
69 115
69 406
70 235
70 402
71 163
71 168
71 459
71 401
71 408
72 387
72 204
72 397
72 470
72 312
72 446
73 456
73 105
73 204
73 428
73 208
73 83
74 384
74 274
74 266
74 492
75 113
76 458
76 229
76 354
76 181
77 417
77 418
77 356
78 192
78 385
78 497
78 375
78 95
79 120
79 242
79 88
79 285
80 496
80 122
81 141
82 102
82 428
82 462
82 443
82 415
83 199
83 178
83 85
83 119
83 90
83 317
84 223
84 460
84 110
84 335
84 373
84 254
84 159
85 417
85 205
85 149
85 439
85 89
85 191
86 325
86 134
86 302
86 125
87 256
87 160
87 151
87 411
88 216
88 217
88 485
89 194
89 132
89 165
89 265
89 366
89 274
90 275
90 342
90 346
90 158
90 383
91 296
91 441
91 495
91 297
92 371
92 190
93 273
93 259
93 174
94 214
95 408
95 156
95 438
96 304
96 492
97 457
97 469
97 439
97 311
98 355
98 398
98 175
98 118
98 444
99 193
99 161
99 164
99 167
99 429
99 149
99 182
100 320
100 229
100 104
100 465
100 469
101 499
101 227
101 279
102 137
102 139
102 398
102 343
103 164
103 157
103 389
103 332
104 355
104 400
104 276
104 310
104 477
105 306
105 277
106 442
106 171
106 342
107 192
107 387
107 419
107 266
107 477
108 417
108 267
108 453
108 391
109 132
109 297
109 463
109 465
109 253
110 226
110 293
110 390
110 301
110 399
110 143
110 401
110 307
110 375
111 329
111 336
111 115
111 377
111 318
112 356
113 453
113 358
113 328
113 377
113 173
113 398
113 441
113 317
113 380
113 285
114 300
114 222
115 170
115 299
115 268
115 399
115 183
115 475
116 335
116 179
116 441
116 187
117 200
117 132
117 134
118 387
118 365
118 431
118 413
119 449
119 135
119 300
119 236
119 270
119 179
119 472
119 186
119 445
120 267
120 147
120 308
120 376
121 472
121 396
121 452
121 201
122 322
122 396
122 219
122 349
123 449
123 382
123 166
123 217
123 446
124 436
124 445
125 412
125 301
126 249
126 405
127 229
127 397
127 239
127 271
127 213
127 184
128 185
128 282
128 425
128 284
129 419
129 421
130 426
131 482
131 238
131 151
132 289
132 421
132 377
132 439
132 221
133 290
133 308
134 228
134 332
134 495
134 158
135 175
135 210
135 403
136 433
136 235
137 146
137 149
137 474
137 255
138 304
138 353
138 166
138 294
139 160
139 369
139 150
140 480
140 403
140 392
140 143
141 289
141 359
141 338
141 215
141 216
141 380
142 257
142 236
142 176
142 337
142 147
142 319
143 480
143 176
143 341
144 196
144 232
144 302
144 271
144 369
144 308
144 382
145 146
145 452
145 389
146 177
146 274
146 184
146 477
147 193
147 156
148 384
148 480
148 485
148 214
148 344
148 315
148 286
150 231
151 162
151 240
151 402
151 436
151 477
152 491
152 373
152 319
153 233
153 332
153 477
153 191
154 192
154 485
154 422
155 283
155 354
155 451
155 382
156 420
156 239
156 314
157 423
158 162
158 292
158 335
159 455
159 346
161 457
161 458
161 428
161 461
161 337
161 188
162 227
162 440
162 219
163 382
163 359
164 441
164 206
165 436
166 460
166 187
166 275
166 474
166 285
167 292
167 300
167 270
167 242
167 446
168 335
168 245
168 318
169 488
169 286
169 448
170 227
170 426
170 369
170 408
171 263
171 491
171 373
172 192
173 486
173 267
174 226
174 490
174 285
174 443
175 324
175 325
175 326
175 492
175 397
175 460
175 207
175 498
176 424
176 254
177 243
177 451
178 312
178 388
179 245
179 379
180 320
180 473
180 227
180 479
181 185
181 253
181 287
182 332
183 291
183 360
183 236
183 339
183 415
184 194
184 389
184 230
184 403
185 215
185 479
186 260
186 489
186 365
186 469
187 229
187 362
187 331
187 240
187 409
187 444
188 320
188 232
188 305
189 368
189 411
189 407
191 452
191 324
191 455
191 211
192 487
192 314
193 386
193 269
193 498
193 316
194 341
195 311
195 327
196 229
196 422
196 359
196 426
196 433
196 341
196 214
196 469
196 474
197 421
198 418
198 226
198 419
198 343
198 446
199 389
199 454
199 479
199 477
199 351
200 332
200 400
200 405
200 407
201 474
201 434
201 260
202 328
202 258
202 411
202 222
203 247
203 258
203 475
203 335
204 399
204 348
205 225
205 469
206 385
206 488
206 315
206 285
207 492
207 365
207 428
207 372
208 280
208 315
208 472
209 449
210 373
211 411
211 284
212 462
212 367
213 385
213 239
213 231
214 229
214 247
215 352
215 468
216 296
216 233
216 434
216 247
217 320
217 411
218 482
218 295
218 392
218 465
219 262
219 235
219 441
219 383
220 288
220 421
220 297
220 251
220 255
221 473
221 250
223 367
223 469
223 440
223 446
224 480
224 452
224 458
224 267
224 246
224 347
225 368
225 239
226 264
226 345
227 284
229 454
229 456
229 347
230 272
231 359
231 402
231 443
231 413
232 391
232 318
232 286
233 386
233 270
233 412
234 300
234 337
234 402
234 433
234 312
235 419
235 362
235 300
235 464
235 382
236 304
236 437
237 408
238 458
238 269
239 386
239 389
239 294
239 455
239 457
239 369
239 315
241 351
241 477
241 310
242 408
243 364
244 424
244 477
244 366
244 431
245 409
245 422
246 264
246 443
246 302
247 386
247 499
247 249
248 249
248 423
249 399
252 412
252 346
252 276
253 484
253 488
253 330
253 298
253 276
254 437
254 405
255 459
257 267
257 259
257 452
258 470
259 344
260 327
262 424
262 270
262 372
262 340
263 422
263 271
263 406
264 328
264 494
264 405
264 474
264 318
265 332
266 452
266 420
266 301
266 376
266 476
267 408
268 393
268 406
268 391
270 365
270 314
271 480
271 323
271 422
271 486
271 434
271 341
272 384
272 296
272 301
273 408
274 480
274 322
274 452
274 325
274 326
274 335
274 275
274 442
274 478
274 286
275 412
276 423
276 367
276 277
277 363
277 463
277 438
278 435
278 475
278 315
278 317
278 319
279 295
279 399
280 359
280 330
280 316
281 433
281 409
281 395
282 323
282 387
282 421
282 298
282 475
283 354
283 418
283 495
283 367
283 370
284 352
285 454
285 365
285 401
286 442
287 385
287 332
288 395
288 495
288 475
289 313
290 497
290 498
291 377
292 296
293 453
293 374
293 406
293 472
293 447
294 352
295 352
295 328
295 458
296 482
296 322
296 391
296 431
296 381
298 473
301 465
301 440
302 399
303 464
303 354
303 484
304 413
305 333
306 316
306 447
307 394
307 313
308 448
308 437
309 456
309 397
310 484
310 371
311 354
311 459
311 316
312 454
313 450
313 360
313 400
319 329
319 397
319 369
319 401
319 406
320 337
320 410
321 417
321 385
321 421
321 474
325 401
325 341
325 473
325 476
326 416
326 363
328 442
328 443
328 447
329 460
329 402
329 375
330 423
331 370
331 494
332 428
333 346
335 481
335 495
335 434
335 473
336 480
336 497
336 435
338 343
339 438
340 370
340 493
341 362
342 460
342 469
342 379
343 354
343 487
344 349
345 479
346 409
349 494
349 473
350 394
350 398
350 445
352 353
352 426
352 460
352 409
353 420
354 378
357 473
358 378
358 466
359 499
360 491
362 459
362 461
362 495
362 499
362 406
363 476
364 428
364 408
366 387
367 488
367 464
367 435
367 445
368 419
368 375
369 439
372 436
373 408
373 395
377 422
377 447
378 444
379 458
379 490
379 499
380 449
380 485
381 416
381 462
382 486
383 455
384 416
385 432
386 394
386 414
388 473
389 429
389 499
389 405
390 426
390 483
391 449
391 434
392 482
392 414
393 446
394 430
394 401
394 468
395 434
396 480
396 441
397 481
398 468
400 454
400 497
400 439
403 477
403 409
403 445
404 429
407 488
410 488
410 460
411 490
411 472
412 429
412 474
414 422
415 425
416 496
422 480
426 486
430 471
435 482
435 475
436 492
438 477
440 487
445 453
447 464
448 459
452 489
453 491
455 462
457 490
457 468
461 479
463 471
476 485
476 496
480 493
482 497
484 492
487 491
490 497
494 495
