500 1250
0 384
0 450
0 144
0 20
0 245
0 88
0 190
1 256
1 353
1 334
1 399
1 252
2 480
2 144
2 295
3 360
3 121
3 459
3 53
4 323
4 228
4 242
4 83
4 347
4 127
5 464
5 271
6 200
6 275
6 38
6 63
7 385
7 322
7 289
7 297
7 340
7 95
8 320
8 133
8 360
8 136
8 395
8 432
8 80
8 466
8 83
8 85
8 413
9 103
9 360
9 137
9 433
9 409
9 380
9 255
10 116
11 192
11 290
11 133
11 331
11 143
11 181
11 86
11 343
12 98
12 197
12 327
12 266
12 235
12 494
12 51
13 165
14 472
15 112
15 87
16 121
16 91
16 189
16 342
17 323
17 80
17 466
17 405
17 214
17 314
18 433
18 446
18 390
19 314
19 403
19 340
19 311
20 225
20 193
20 484
20 72
21 160
21 283
21 348
21 158
22 384
22 481
22 363
22 332
22 80
22 315
22 51
22 213
22 312
22 88
22 29
22 62
23 328
23 137
23 234
23 178
23 220
23 221
24 325
24 460
24 437
24 476
24 188
25 66
25 172
26 240
26 412
26 364
26 110
27 484
27 428
27 205
27 304
27 408
27 218
27 123
28 261
28 202
28 205
28 85
28 248
29 128
29 33
29 165
29 106
29 246
29 476
30 417
30 460
31 344
31 453
31 360
31 79
31 56
32 221
32 130
32 104
32 341
33 406
33 247
33 248
33 183
33 316
34 184
34 489
34 342
34 183
35 160
35 358
35 360
35 113
35 370
35 180
35 116
35 222
36 401
36 441
36 249
37 159
37 455
37 414
37 47
38 450
38 386
38 101
38 426
38 339
38 316
38 188
39 421
39 135
39 119
39 376
39 91
39 253
40 258
40 435
41 168
41 249
41 169
42 448
42 393
42 138
42 109
42 207
42 55
42 472
42 121
43 418
43 267
44 136
44 269
44 141
44 432
44 214
44 119
45 417
45 67
45 84
45 154
45 190
46 334
46 230
47 484
48 160
48 389
48 134
48 237
48 183
49 354
49 390
49 230
49 441
49 186
49 412
50 131
50 390
50 332
50 463
50 211
50 345
50 189
51 203
51 343
51 159
52 73
52 433
52 126
52 175
53 164
53 426
53 400
53 499
53 468
54 352
54 358
54 296
54 392
54 461
54 142
54 399
54 147
55 169
55 462
55 281
56 273
56 175
57 234
57 107
57 79
58 313
58 324
58 398
59 459
59 398
59 142
59 431
59 343
59 441
60 170
60 77
61 418
61 338
61 190
61 231
62 465
63 225
63 205
63 135
64 128
64 353
64 260
64 102
64 430
64 206
64 89
65 482
65 115
65 76
65 410
66 328
66 73
66 338
66 215
67 237
67 74
67 492
68 392
68 497
68 124
68 373
69 90
69 428
69 205
69 314
69 349
70 170
70 266
70 410
71 394
71 274
71 150
72 329
72 489
72 433
72 244
73 361
73 362
73 74
73 366
73 179
73 148
73 283
73 285
75 323
75 446
75 496
75 317
75 318
77 225
77 113
77 372
77 120
78 356
78 201
78 141
78 341
78 187
78 221
79 153
79 453
79 341
79 447
80 416
80 426
80 139
80 368
80 499
80 471
80 312
81 123
81 484
81 486
81 495
82 144
82 226
82 397
82 122
83 291
83 489
83 367
83 180
83 158
84 193
84 210
84 172
85 449
85 451
85 294
85 230
85 457
85 139
85 493
85 239
85 240
85 254
86 489
86 349
87 197
87 360
87 299
87 204
87 337
87 348
88 453
88 166
88 426
88 495
88 400
88 440
89 485
89 124
89 285
90 202
91 162
91 98
91 388
91 200
91 360
91 140
91 495
91 127
92 292
92 324
92 363
92 496
92 154
93 417
93 101
93 462
93 373
93 217
93 187
93 286
94 465
94 249
94 295
95 163
95 164
95 175
95 243
96 140
96 240
96 402
96 409
96 380
97 347
97 475
97 212
98 110
98 404
98 474
98 414
99 165
99 200
99 460
99 336
99 401
99 208
99 212
99 123
100 388
100 132
100 295
100 135
100 487
100 360
100 465
100 248
101 229
102 352
102 168
102 108
102 206
102 119
103 321
103 261
103 421
103 423
103 473
104 106
104 491
104 236
104 148
105 179
105 215
106 385
106 405
106 440
106 441
107 353
107 487
107 263
107 491
107 174
107 243
107 182
107 152
107 253
108 332
108 316
109 298
109 300
109 243
109 479
110 171
110 283
110 438
110 251
110 380
111 364
111 117
111 247
112 321
112 134
112 270
112 335
112 405
113 483
113 395
113 396
113 464
113 274
113 186
113 381
114 328
114 364
114 117
115 401
116 421
116 390
116 166
116 294
116 489
116 184
116 284
117 229
117 494
117 407
118 167
119 139
119 271
119 342
119 440
119 346
119 155
119 222
120 195
120 166
120 134
121 165
121 307
121 218
122 391
122 143
122 241
122 382
123 360
124 240
124 368
124 338
124 251
125 213
126 359
126 300
126 365
126 238
127 225
127 193
127 262
127 209
127 447
128 480
128 362
128 303
128 210
128 436
129 386
129 194
129 171
129 365
129 175
129 373
129 443
129 479
130 474
130 485
131 232
131 430
131 241
131 344
132 484
132 494
132 187
132 252
132 158
133 312
133 227
133 202
133 299
133 461
133 373
133 472
133 413
133 222
134 353
134 136
134 208
134 278
134 412
134 222
135 168
135 204
135 431
136 251
137 481
137 233
137 410
138 198
139 358
139 403
139 347
139 159
140 488
141 262
141 395
141 236
141 371
142 324
142 435
142 183
143 192
143 242
143 152
144 359
144 266
144 304
144 148
144 438
144 474
145 155
145 148
145 405
146 341
147 336
147 241
147 339
147 436
147 150
147 152
147 410
148 480
148 321
148 495
149 231
149 236
149 375
150 458
150 466
150 404
151 376
151 162
151 453
151 158
152 256
152 479
152 427
152 254
152 255
153 482
153 164
153 488
153 425
153 237
154 236
154 206
155 180
156 232
156 442
156 219
157 233
157 362
157 489
157 279
158 484
158 280
158 188
159 354
159 422
159 172
159 464
159 306
159 187
160 240
160 246
160 350
161 354
161 355
161 485
161 390
161 471
163 398
163 402
163 184
163 282
164 225
164 351
164 440
165 453
165 166
165 296
165 491
165 460
165 220
166 283
167 265
167 172
167 302
167 214
167 441
168 462
168 430
168 400
168 378
168 316
169 449
169 258
169 240
169 280
169 377
169 251
169 412
170 225
170 227
170 247
170 281
171 323
171 388
171 335
171 464
172 360
172 401
172 369
172 217
174 240
174 497
174 423
175 348
175 444
176 329
176 267
176 369
177 236
178 439
178 485
178 295
178 200
179 481
179 332
179 210
180 296
180 403
180 215
180 188
181 392
181 482
182 386
182 327
182 279
182 281
182 250
182 221
183 436
183 475
184 328
184 202
184 253
185 498
185 308
185 316
186 290
186 454
186 358
186 296
186 463
186 465
187 356
187 305
188 335
188 306
189 320
189 390
189 490
189 335
189 432
190 387
191 241
191 202
191 266
191 220
192 340
192 213
193 356
193 489
193 466
193 435
193 345
193 381
194 258
194 218
195 380
195 462
196 404
196 276
196 250
196 348
196 382
197 300
198 449
198 306
199 407
200 266
200 374
200 440
200 313
201 256
201 369
201 376
202 230
202 336
202 438
203 277
203 316
203 214
203 249
203 220
204 231
204 368
204 305
205 296
206 364
206 342
206 222
207 228
207 470
207 441
207 350
208 497
208 266
209 449
209 363
210 296
210 217
210 282
210 475
211 291
211 485
211 490
211 492
211 274
211 411
211 472
211 443
212 292
212 359
212 328
212 374
213 320
213 300
214 320
214 312
215 487
216 453
216 391
216 368
216 274
216 243
216 348
217 487
217 332
217 303
217 434
218 301
218 240
218 252
219 498
219 334
220 484
221 456
221 283
221 348
222 279
223 250
224 360
224 393
225 367
225 475
226 376
227 296
228 283
229 449
229 459
230 354
230 451
230 296
230 378
231 268
231 443
231 318
232 447
234 287
234 297
235 428
235 238
235 497
235 381
235 413
236 389
236 339
237 327
237 360
237 306
237 435
237 381
237 474
237 477
238 322
238 423
238 263
238 401
239 258
239 327
239 401
239 471
239 443
240 325
240 303
240 367
240 306
241 287
241 330
241 336
242 431
242 250
243 463
243 372
243 406
244 416
245 339
245 390
246 404
247 480
247 455
247 460
247 412
248 378
249 280
251 365
251 444
251 287
252 432
252 433
253 295
254 485
254 264
254 361
254 348
255 404
255 349
256 296
256 499
257 317
257 351
258 434
258 471
259 341
259 342
260 334
261 393
261 434
262 312
263 373
264 384
265 418
265 324
265 279
267 275
267 437
268 356
268 396
268 364
268 434
268 381
269 427
269 466
269 285
269 415
270 289
270 488
270 366
270 434
271 415
271 364
272 430
272 477
272 454
273 497
273 426
274 420
275 425
275 311
276 418
276 316
276 382
277 333
277 369
277 467
277 445
278 484
279 426
279 331
279 408
279 476
280 384
281 331
281 312
281 409
282 384
282 293
282 297
282 300
282 403
282 410
283 388
285 312
285 410
286 305
286 474
286 372
287 417
287 362
289 292
289 392
289 366
289 433
289 468
290 342
291 359
291 495
293 401
294 456
295 430
295 432
297 396
298 480
298 332
298 371
298 341
298 343
298 382
299 393
299 458
299 366
299 466
299 350
301 392
302 469
303 333
303 369
304 325
305 454
305 476
306 416
307 360
307 377
307 369
307 317
308 443
309 411
309 342
311 400
312 427
312 432
313 484
313 397
314 491
315 393
316 493
316 405
316 446
317 450
317 362
317 491
317 443
317 446
319 484
319 429
319 447
320 448
320 440
322 380
322 486
324 464
324 401
324 339
326 496
326 421
327 431
327 374
328 352
328 332
328 365
328 444
329 449
329 445
330 488
330 482
330 426
331 405
332 375
333 390
333 406
335 336
335 342
336 402
338 450
338 443
339 384
339 388
339 365
340 432
340 497
340 499
341 383
342 386
343 350
344 348
346 487
346 497
346 483
347 385
347 483
349 363
349 442
349 382
350 494
350 438
351 455
352 480
352 479
353 449
353 483
354 405
355 410
356 445
357 368
360 365
361 432
361 371
364 498
365 493
365 371
366 449
366 411
367 452
367 379
368 432
370 381
371 419
372 477
373 426
373 492
373 375
373 475
374 385
375 454
375 406
375 473
380 425
381 495
381 410
381 446
382 419
382 457
382 446
385 480
387 465
387 391
388 413
392 450
392 486
393 419
393 426
393 399
395 422
395 446
396 423
398 425
398 499
398 414
399 484
400 429
400 478
401 453
401 475
402 431
402 408
404 423
404 494
405 487
406 489
407 449
407 463
408 435
409 464
409 434
410 471
411 447
412 464
413 456
414 432
416 473
418 480
418 449
418 459
421 470
422 464
423 454
424 439
425 430
428 461
429 466
429 485
430 451
430 441
433 484
433 464
437 453
438 464
439 496
441 456
441 499
442 454
443 464
444 449
444 495
445 464
448 498
449 475
450 461
450 494
463 473
468 478
469 476
475 498
479 490
480 483
484 487
487 495
490 497
