500 1250
0 328
0 315
0 237
0 190
1 451
1 42
1 341
1 21
1 437
2 41
2 351
3 187
3 157
3 103
4 429
4 16
4 144
4 305
4 179
4 439
4 220
4 479
5 130
5 180
5 350
5 146
6 169
6 266
6 431
6 306
6 219
7 192
7 257
7 294
7 458
7 365
7 80
7 218
8 72
8 497
9 481
9 457
9 427
9 336
9 214
9 310
10 380
10 287
11 32
11 355
11 358
11 305
11 404
11 84
11 469
12 161
12 227
12 137
12 426
12 109
12 244
12 247
12 249
13 229
13 489
13 156
13 17
13 180
13 244
13 380
14 89
14 458
14 234
14 412
15 226
15 387
15 173
15 496
15 469
15 470
15 471
15 61
16 160
16 426
16 153
16 124
17 387
17 397
17 495
17 121
18 256
18 385
18 423
18 365
18 334
18 176
19 386
19 231
20 225
20 259
20 166
20 496
20 82
20 499
20 341
20 380
20 255
21 258
21 136
21 175
21 187
21 445
21 62
22 131
22 457
22 332
22 46
22 368
22 54
22 182
22 472
22 444
23 112
23 498
24 167
24 361
24 331
24 172
24 406
25 172
25 464
25 433
25 94
25 159
26 332
27 472
27 412
28 460
28 180
29 112
29 107
29 389
29 200
30 161
30 290
30 180
30 119
30 408
31 418
31 425
31 172
31 109
31 239
31 177
31 57
31 411
31 414
32 186
32 490
32 291
33 264
33 488
33 491
33 372
33 181
34 264
34 218
34 370
34 227
35 195
35 144
35 151
35 216
35 475
36 324
36 134
36 201
36 106
36 383
37 395
37 244
37 62
37 239
38 195
38 433
38 276
38 88
38 217
38 347
39 416
39 203
40 421
40 458
40 138
40 411
40 377
40 475
40 478
41 353
41 452
41 136
41 111
41 209
41 311
42 165
42 365
42 430
42 442
43 177
43 495
43 388
43 223
44 449
44 134
44 268
44 82
44 345
44 476
45 257
45 264
45 458
45 429
45 401
45 51
45 377
46 384
46 480
46 68
46 484
46 137
46 312
46 477
47 251
47 428
47 343
48 162
48 485
48 72
48 340
48 442
49 420
49 166
50 408
50 351
51 350
52 485
52 74
52 427
52 235
52 240
52 310
52 118
52 91
52 125
53 449
53 99
53 271
53 368
53 242
53 179
54 256
54 387
54 164
54 149
55 195
55 69
55 398
55 311
55 90
56 116
56 199
57 153
57 357
57 330
57 333
57 399
57 306
57 246
57 86
57 409
58 358
58 431
59 256
59 483
59 71
59 115
59 380
60 385
60 82
60 150
60 463
61 473
61 205
62 320
62 227
62 401
62 211
62 438
62 215
62 414
62 447
63 487
63 490
63 269
63 242
63 148
63 375
64 115
64 345
64 283
64 413
65 418
65 102
65 239
66 399
66 496
66 369
66 81
66 468
66 244
66 345
66 154
67 129
67 293
67 200
67 441
67 340
67 473
68 425
68 382
68 179
69 168
69 425
69 369
69 118
69 408
69 125
70 184
70 185
70 85
70 166
71 338
71 476
72 385
72 259
72 341
72 406
73 281
74 115
74 396
74 355
75 450
75 420
75 165
75 335
75 86
75 183
75 255
76 483
76 93
76 382
76 247
77 356
77 338
77 444
77 479
78 377
78 334
78 241
78 403
78 409
78 250
79 480
79 481
79 421
79 237
79 441
79 442
80 315
80 181
81 388
81 173
81 110
81 477
81 383
82 451
82 104
82 140
82 110
82 368
82 84
82 152
82 251
83 192
83 187
83 398
84 193
84 297
84 430
85 256
85 134
86 235
86 306
86 183
87 113
87 202
87 306
88 393
88 377
88 457
88 297
88 402
88 217
88 346
89 295
89 360
89 428
89 403
89 150
89 413
90 358
90 272
90 153
90 319
91 395
91 236
91 465
91 408
91 191
92 162
92 482
92 415
92 233
92 447
93 336
93 144
93 300
94 440
94 342
95 256
95 291
95 207
95 114
95 381
96 422
96 364
96 241
96 370
96 433
97 344
97 410
97 112
97 346
98 100
98 164
98 152
98 251
98 220
99 226
99 102
99 391
99 492
101 369
101 460
102 321
102 426
102 300
103 206
103 455
104 112
104 368
104 191
105 352
105 449
105 489
106 329
106 483
106 133
107 452
107 232
107 114
107 148
107 214
107 221
108 323
108 198
108 490
108 493
108 366
108 462
108 116
109 355
109 335
109 180
109 443
110 165
110 276
110 125
111 409
111 221
112 487
112 176
112 146
112 245
112 314
113 129
113 197
113 264
113 374
113 441
114 293
114 233
114 115
114 340
114 341
114 309
115 399
115 272
115 150
115 313
115 474
115 127
116 493
116 461
117 231
117 203
117 343
117 250
117 347
117 350
118 231
118 423
118 248
119 464
119 447
121 164
121 326
122 485
122 455
122 363
122 179
122 413
123 296
123 353
123 475
123 213
124 483
124 132
124 419
124 297
124 306
124 157
125 130
125 227
125 357
125 487
125 249
125 351
126 288
126 482
126 232
126 397
126 217
126 444
127 455
127 367
127 273
127 305
127 408
127 153
127 315
127 191
128 156
128 397
128 470
129 263
129 137
129 333
129 250
130 498
131 368
131 303
132 443
132 191
133 314
133 422
134 292
134 138
135 370
135 324
135 357
135 166
136 458
136 365
136 143
136 435
136 404
137 449
137 426
137 175
137 273
138 418
138 355
138 359
138 425
138 295
138 150
138 381
139 213
139 301
139 446
140 199
140 206
140 400
140 409
140 219
141 474
141 355
141 295
142 215
143 386
143 484
143 366
143 368
143 413
144 273
144 247
145 285
145 198
146 180
146 493
147 485
147 411
147 444
147 253
148 278
148 314
148 348
149 390
149 263
149 266
149 180
150 225
150 354
150 426
150 181
150 283
151 225
151 291
151 260
151 308
151 406
151 249
151 314
151 413
152 431
152 337
152 308
152 442
152 254
153 488
153 458
153 477
154 392
154 202
154 365
154 277
154 346
155 259
155 294
155 201
155 235
155 333
155 373
155 438
155 188
156 160
156 305
156 499
156 190
157 304
157 474
157 219
157 383
158 355
158 438
158 326
159 393
159 370
160 421
160 424
160 475
161 458
161 175
161 497
161 409
162 485
162 391
162 489
163 315
163 284
163 462
164 256
164 387
164 167
164 472
164 443
165 422
165 395
165 306
165 347
166 339
166 473
167 249
167 283
168 449
168 289
168 431
169 178
169 322
170 291
171 174
171 239
171 497
171 465
171 214
172 185
172 451
172 421
172 397
172 272
172 440
173 452
173 269
173 477
174 329
174 426
174 346
174 477
174 351
175 201
175 367
175 370
175 371
175 278
175 442
175 348
176 382
176 367
177 330
177 434
177 402
178 208
179 435
179 220
180 352
180 458
180 396
180 237
180 335
180 302
180 213
181 419
181 457
181 304
181 348
182 424
182 422
183 375
183 327
184 386
184 356
184 392
184 298
184 491
184 407
184 281
184 252
185 416
185 485
185 401
186 304
186 298
187 419
187 202
187 404
188 416
188 273
188 215
188 315
189 362
189 211
189 244
189 470
190 360
192 277
193 395
193 204
193 252
194 296
194 218
194 450
194 438
195 323
195 483
196 404
196 214
196 359
197 200
197 306
197 404
198 363
198 336
198 337
198 376
198 476
199 316
199 273
200 258
200 323
200 488
201 215
202 434
202 286
203 223
203 251
204 214
205 489
205 237
205 310
205 472
205 446
206 306
207 480
207 237
207 273
207 375
208 412
208 475
208 260
209 262
209 247
210 418
210 339
210 387
211 353
211 426
211 340
212 425
212 231
213 354
213 253
213 479
214 218
214 220
214 415
215 483
215 429
216 282
216 275
217 448
217 351
218 357
218 307
218 467
218 477
219 224
219 312
219 316
220 404
220 309
220 276
221 392
221 362
221 268
221 431
221 402
221 280
222 462
223 226
223 487
223 399
223 405
224 336
224 374
224 247
225 433
225 345
226 453
226 487
226 264
226 396
226 272
226 242
229 426
229 404
230 344
230 378
230 268
231 356
231 246
231 410
232 412
233 329
234 352
234 359
235 288
235 371
235 347
236 356
237 269
237 409
238 336
238 373
238 327
239 454
239 370
240 334
241 387
241 334
241 476
242 328
243 264
243 353
243 404
243 349
244 326
244 399
244 477
245 458
245 247
245 313
245 442
245 255
246 288
246 488
246 428
246 336
246 377
247 498
247 249
248 422
249 494
249 407
249 413
250 419
251 335
252 426
252 279
253 365
253 423
254 290
254 274
255 325
256 449
257 329
257 365
257 436
258 466
258 406
259 449
259 425
259 303
259 340
259 473
259 380
260 335
260 446
261 403
262 416
262 428
263 390
263 305
263 343
263 380
264 493
264 467
265 466
266 392
266 424
267 292
267 349
267 351
268 465
268 371
269 331
270 344
270 298
271 499
271 389
272 482
272 476
273 427
273 277
273 317
274 370
274 382
275 456
275 434
275 306
275 372
275 413
277 342
277 406
277 472
277 286
277 479
278 441
278 361
279 386
279 454
279 403
279 478
280 497
280 412
280 454
281 416
281 324
282 296
282 382
283 497
283 371
283 437
283 344
285 347
285 350
285 334
286 355
286 453
286 359
286 332
286 342
286 343
287 410
287 364
289 330
289 316
290 400
290 453
291 327
291 364
292 356
292 324
292 342
293 295
294 375
295 418
295 430
295 304
296 499
297 361
298 373
300 480
300 425
300 473
301 355
301 398
304 416
304 454
304 331
304 497
305 323
305 493
305 470
306 458
306 400
307 442
308 396
308 439
309 372
309 470
309 477
309 382
310 327
310 472
310 383
311 442
311 382
312 362
313 332
313 463
313 473
313 443
314 467
314 436
315 325
315 396
315 468
316 342
318 426
318 356
319 325
319 332
319 493
319 430
320 361
320 462
320 335
321 357
323 472
324 439
325 455
325 404
328 388
328 340
328 409
328 379
329 363
329 362
329 499
329 379
330 385
330 457
331 395
331 373
332 362
332 335
333 486
333 466
333 375
334 420
334 464
334 336
336 380
337 381
338 448
338 492
339 357
339 486
341 421
342 364
343 489
343 348
344 425
344 349
345 488
345 497
345 381
346 477
347 360
347 403
349 385
349 388
349 433
350 363
351 366
352 453
352 426
352 369
352 445
353 499
353 407
356 397
356 365
356 410
357 363
358 450
359 432
360 482
360 491
360 440
362 370
362 414
363 490
363 406
364 434
364 471
364 441
365 392
365 412
367 447
368 469
368 446
372 389
372 494
372 471
372 379
374 398
375 377
376 439
379 482
379 447
380 496
381 487
382 498
383 489
383 401
383 442
384 411
384 389
385 471
386 452
386 391
386 413
387 398
387 464
388 448
389 391
389 433
392 467
393 482
393 462
393 469
394 409
394 451
394 427
394 471
396 456
397 465
398 487
398 467
400 401
401 438
402 490
403 462
404 422
410 421
411 494
413 437
414 472
417 479
420 463
420 438
423 481
424 429
428 461
428 477
432 433
434 437
436 482
438 455
439 468
439 471
440 456
440 490
440 442
441 456
443 497
445 499
451 489
452 498
453 493
454 456
456 459
462 492
464 475
465 493
474 494
485 493
494 497
