500 1250
0 114
0 45
0 94
0 262
1 429
1 82
1 22
1 58
1 317
1 479
2 136
2 121
2 100
3 128
3 165
3 7
4 259
4 11
4 68
4 293
5 325
5 72
5 168
5 202
5 479
6 7
6 46
6 47
6 369
6 343
6 93
7 423
7 241
7 434
7 373
8 337
8 482
8 491
8 188
9 431
9 272
9 271
9 280
9 382
10 65
10 383
10 205
10 146
10 435
10 85
10 89
10 250
10 31
11 321
11 329
11 364
12 353
12 357
12 462
12 342
12 445
13 257
13 199
13 80
13 275
13 51
13 440
13 57
13 59
14 99
14 100
14 140
14 431
14 118
15 148
15 380
16 361
16 333
16 31
17 258
17 299
18 490
18 75
18 148
18 279
19 484
19 360
19 172
19 373
19 54
19 157
20 81
20 354
20 356
21 312
21 170
21 259
21 476
22 186
22 165
22 377
23 64
23 358
23 487
23 109
23 215
23 475
24 379
24 260
24 454
25 361
25 378
25 91
25 295
26 298
26 117
26 60
26 221
27 290
27 394
27 492
27 44
27 300
27 336
27 53
28 313
28 406
29 129
29 66
29 226
29 373
30 424
30 115
31 132
31 108
31 301
31 305
31 274
31 307
31 376
32 104
32 209
32 417
32 300
33 96
33 138
33 61
33 472
34 324
34 490
34 428
34 271
34 431
34 244
34 93
35 41
35 332
36 364
36 302
36 49
36 146
36 376
37 425
37 43
37 116
37 218
37 188
38 359
38 300
38 373
38 245
38 214
39 456
39 317
39 238
40 80
40 105
40 171
40 215
41 328
41 469
41 474
41 190
41 191
42 128
42 164
42 262
42 457
42 138
42 219
43 415
44 435
44 125
45 374
45 453
45 214
46 94
46 107
46 340
47 362
47 302
47 114
47 154
48 332
48 493
48 465
48 114
48 340
48 373
48 182
49 71
49 168
49 109
49 369
51 297
51 314
52 352
52 323
52 173
53 65
53 353
53 104
53 334
53 179
53 467
53 479
54 276
54 454
55 248
55 328
55 219
55 95
56 288
56 291
56 101
56 104
56 362
56 473
58 202
58 299
58 396
58 241
58 436
59 98
59 234
59 491
59 313
59 283
60 486
60 363
60 300
60 402
60 373
60 219
61 170
61 362
61 394
61 496
61 147
61 319
62 292
62 183
63 112
63 271
63 173
63 223
64 384
64 480
64 418
64 305
64 145
65 130
65 389
65 267
65 236
65 176
66 320
66 382
66 68
66 299
66 332
66 177
66 478
67 403
67 389
68 256
68 397
68 214
68 152
68 250
68 380
68 255
69 231
70 294
70 459
70 434
70 182
70 382
71 365
71 163
71 179
72 386
72 259
72 357
72 73
72 174
72 179
73 226
73 258
73 447
73 458
73 438
73 476
73 287
74 464
74 283
74 124
75 106
75 461
75 397
75 145
75 158
76 272
76 143
77 296
77 233
77 82
77 339
77 278
77 187
78 198
78 262
78 264
78 427
78 437
78 374
78 373
79 108
79 464
79 465
79 153
79 91
79 445
80 289
80 258
80 260
80 493
80 251
80 401
80 283
80 351
81 85
82 387
82 164
82 294
82 334
82 208
82 340
83 346
83 103
83 437
83 135
84 450
84 99
84 107
84 142
84 120
85 432
85 128
86 147
86 245
86 151
87 260
87 456
87 170
87 491
87 203
87 267
87 302
87 335
88 225
88 386
88 262
88 432
88 306
88 183
89 392
89 484
89 332
90 160
90 490
90 148
90 127
91 416
91 121
91 484
91 453
91 340
92 463
92 369
92 274
92 470
92 217
92 346
93 302
93 306
93 403
93 340
94 455
94 204
94 376
94 346
95 240
95 437
95 351
96 258
96 243
96 340
96 150
97 129
97 211
98 320
98 353
98 431
98 306
98 378
99 262
99 207
99 214
99 378
100 288
100 448
100 236
100 205
100 183
100 184
101 256
101 107
101 216
102 472
102 353
102 259
103 105
103 493
103 252
103 349
104 333
104 347
105 128
105 396
106 418
106 204
106 371
106 120
107 200
107 203
107 368
107 188
108 454
108 368
108 158
109 165
109 171
109 459
109 241
109 212
109 152
109 476
110 449
110 366
111 296
111 441
111 322
111 180
112 248
112 196
112 181
113 130
113 261
113 153
113 348
113 349
114 356
114 164
114 415
114 202
114 203
114 365
114 376
114 154
114 159
115 456
115 207
115 182
115 217
116 266
117 416
117 270
117 437
117 184
117 413
119 256
119 226
119 386
119 139
120 229
120 121
120 253
120 191
121 289
121 185
122 162
122 204
122 365
122 308
123 408
123 321
123 298
123 199
124 322
124 388
124 306
124 214
124 471
124 409
125 405
126 264
126 365
126 165
126 487
127 220
127 330
127 429
128 483
128 467
128 380
129 471
130 385
130 364
130 275
130 187
131 259
131 358
131 232
131 176
131 376
132 486
132 201
132 302
132 177
132 412
133 281
133 481
133 269
133 495
134 390
134 327
134 488
134 201
134 268
134 430
134 271
134 340
134 213
134 250
134 413
135 301
135 164
135 269
136 399
137 348
137 319
137 343
138 440
138 139
139 453
139 265
139 267
139 332
139 271
139 207
139 181
139 149
139 409
139 444
139 414
140 392
140 451
140 142
141 344
141 361
141 375
142 448
142 161
142 162
142 422
142 458
142 205
142 399
142 147
142 184
143 354
143 485
143 364
143 246
143 312
144 356
144 454
144 343
145 291
145 298
145 435
145 381
146 324
146 232
146 267
146 332
146 433
146 285
147 384
147 196
147 279
147 349
148 173
148 244
149 401
149 372
149 437
149 407
149 410
150 195
150 326
150 462
150 305
151 483
151 202
151 208
151 179
151 437
152 223
152 419
152 210
152 155
152 253
152 191
153 368
153 421
154 468
154 345
154 447
155 290
155 376
155 229
155 203
155 398
155 469
155 377
156 440
156 435
156 333
156 391
157 173
157 497
157 277
157 343
158 232
158 365
158 306
159 307
159 237
159 394
160 232
160 396
161 203
161 342
161 278
162 321
162 255
163 226
164 375
165 224
165 194
165 197
165 455
165 234
165 205
165 403
166 322
167 273
167 196
167 476
168 313
168 398
168 273
168 281
169 361
169 170
169 365
170 203
170 303
170 283
171 480
171 364
172 423
172 305
172 497
172 310
172 253
173 230
173 273
173 467
173 406
173 436
173 253
173 286
175 485
175 266
175 306
175 180
175 468
175 437
175 280
176 320
176 231
176 332
176 399
176 445
177 200
177 339
177 469
178 471
178 303
179 269
179 433
179 211
179 440
179 311
180 328
180 426
180 269
180 210
181 451
181 199
181 459
181 404
181 319
182 256
182 196
182 308
182 474
182 219
182 220
183 227
183 362
183 363
183 367
184 495
184 434
184 186
185 328
186 291
186 203
186 497
187 417
187 388
187 372
187 373
187 311
187 319
188 361
188 315
188 252
188 382
189 347
189 277
189 326
190 224
190 207
190 434
190 436
190 444
191 366
191 341
192 280
192 487
193 361
193 203
194 423
194 493
194 498
194 446
195 460
195 335
196 296
196 360
196 202
196 304
197 408
197 395
197 421
198 199
198 369
198 465
198 223
199 447
200 487
200 273
200 338
200 401
200 280
201 218
202 360
202 329
202 426
202 397
202 319
203 418
203 334
203 438
204 321
205 313
206 379
206 349
206 277
206 407
208 352
208 490
208 363
208 426
209 340
209 372
209 345
209 442
209 380
210 274
211 256
211 272
211 245
212 392
212 279
213 474
213 482
214 449
214 305
214 414
215 232
216 352
217 326
217 446
218 398
218 367
218 247
219 449
219 261
219 338
219 403
219 313
219 255
220 479
220 234
220 403
220 412
221 496
222 443
223 447
223 491
223 305
223 340
223 343
224 317
225 398
225 405
225 475
225 348
226 484
226 487
226 398
227 386
227 459
227 396
228 480
228 419
228 363
228 364
228 436
229 248
229 422
230 480
230 456
230 303
230 399
230 432
231 322
231 426
231 276
231 309
231 476
232 332
232 239
232 275
232 438
233 248
233 268
234 486
234 239
236 398
236 467
236 284
237 451
237 287
237 430
237 307
238 462
238 359
239 411
240 497
240 270
242 417
242 258
242 363
243 422
243 468
243 404
243 473
244 366
245 466
246 321
246 337
246 309
246 250
246 476
247 393
247 303
248 346
249 492
250 450
250 359
250 426
251 354
251 344
252 292
252 330
252 427
253 297
253 435
253 412
254 448
254 336
255 302
255 464
255 475
255 318
256 295
256 270
256 445
257 354
257 486
257 332
257 497
257 276
258 352
258 451
258 401
259 449
259 482
259 275
261 425
262 298
262 395
262 491
262 368
262 273
262 314
262 287
264 456
264 426
265 296
266 426
267 272
267 309
268 423
268 304
268 273
268 403
268 283
270 442
270 479
271 482
272 356
272 361
273 479
274 300
274 303
275 294
275 458
275 379
276 448
276 386
277 328
277 478
278 336
278 337
278 311
279 293
279 491
279 301
279 499
279 377
280 294
280 467
280 313
281 387
281 406
281 439
281 412
282 403
283 497
283 474
283 478
284 392
284 385
284 349
285 328
285 414
286 360
287 288
287 357
287 428
287 367
288 386
288 388
288 487
288 316
290 464
292 344
292 300
293 387
294 472
295 443
295 427
296 359
296 395
296 471
297 397
298 495
298 349
299 397
299 497
300 421
300 490
301 451
301 360
301 447
301 302
301 375
302 439
303 413
304 355
304 358
304 337
304 343
305 321
305 429
306 424
306 476
306 381
307 396
307 429
308 449
308 311
309 448
309 455
309 393
309 414
310 393
310 341
310 377
310 350
311 429
313 347
313 407
315 322
315 349
316 488
316 431
316 465
316 413
317 451
317 396
317 442
317 348
319 486
319 331
320 367
321 359
321 404
323 441
324 499
325 492
325 422
326 355
326 492
326 442
327 357
328 426
328 437
328 380
329 454
330 416
330 490
331 395
332 478
333 343
334 451
337 462
338 454
340 477
340 366
341 348
342 400
342 456
344 490
344 468
344 374
345 442
346 390
347 422
347 361
347 471
348 450
351 355
354 488
354 470
355 421
356 396
356 435
357 383
358 479
358 491
358 461
358 447
359 493
359 404
360 453
360 374
361 498
361 403
362 407
363 393
363 437
365 421
366 425
367 385
368 427
370 400
370 376
374 451
374 420
375 409
375 413
376 389
376 458
377 460
377 437
379 494
381 434
383 497
384 482
384 458
384 401
385 464
385 410
385 446
386 448
387 470
387 476
387 479
389 445
391 451
391 486
391 447
392 449
392 427
392 438
392 443
393 442
395 449
398 482
398 422
398 424
399 485
399 457
400 448
400 486
402 468
403 451
405 444
406 474
406 478
407 457
407 409
408 456
408 430
410 454
410 486
411 460
412 480
414 486
415 476
416 420
416 453
416 429
419 496
423 469
426 489
427 486
428 472
430 451
433 465
435 491
435 496
435 464
437 448
438 475
439 455
440 478
441 480
441 486
442 464
443 453
443 475
445 479
446 487
447 477
450 497
450 477
453 462
458 478
458 479
459 484
459 494
460 492
463 499
465 479
473 475
478 480
479 485
479 489
482 485
482 490
