500 1250
0 323
0 37
1 74
1 61
2 192
2 71
2 363
2 459
2 274
2 409
3 342
3 55
3 91
3 156
3 479
4 417
4 389
4 198
4 202
4 74
4 108
4 170
4 396
4 179
4 85
4 381
5 106
5 269
5 275
5 212
5 314
6 323
6 296
6 463
6 25
6 186
6 27
6 60
8 465
8 362
8 363
8 469
9 394
9 292
10 386
10 420
10 326
10 106
10 239
10 52
10 87
10 250
10 156
11 353
11 103
11 141
11 83
11 349
12 418
12 105
12 395
12 275
12 308
13 66
13 483
13 301
13 173
13 17
13 150
14 474
14 149
15 454
15 295
15 199
15 244
15 412
16 90
16 29
16 405
17 170
17 330
17 19
17 405
17 120
17 381
17 223
18 489
18 79
18 337
18 338
18 181
18 221
18 318
19 129
19 104
19 393
19 75
19 398
19 272
19 82
19 340
19 254
19 30
20 129
20 258
20 69
20 104
20 241
20 402
20 275
20 252
21 154
22 373
23 209
24 32
24 256
24 176
24 433
24 277
24 349
24 413
25 105
25 211
25 182
25 381
26 288
26 168
26 428
26 144
26 150
26 183
26 415
27 439
27 419
27 199
27 306
27 189
27 221
28 136
28 256
28 428
29 154
29 115
30 291
30 427
30 497
30 148
30 85
30 211
30 93
31 69
31 390
31 457
31 334
31 271
31 117
31 214
31 184
32 345
32 42
32 367
33 48
33 458
34 263
34 361
34 266
34 365
34 303
34 119
35 229
35 202
35 305
35 343
35 220
36 329
36 222
36 87
37 433
37 169
37 382
38 177
39 389
39 301
39 335
39 277
39 312
40 352
40 347
41 153
41 315
41 348
42 49
42 103
43 355
43 453
43 367
43 400
43 183
43 377
44 164
45 483
45 388
45 166
45 204
45 492
45 113
45 209
45 275
45 277
46 162
46 412
46 316
47 282
47 191
48 488
48 60
48 255
49 228
49 253
49 292
50 291
50 267
50 273
50 276
50 287
51 387
51 357
51 424
51 332
51 496
52 124
52 223
53 65
53 158
53 209
53 369
54 320
54 69
54 487
55 354
55 399
55 497
55 308
55 181
56 456
56 305
56 81
56 315
56 190
57 326
57 360
57 459
57 308
57 59
57 223
58 196
58 309
58 63
59 249
59 174
59 499
59 468
60 137
60 329
60 148
60 186
60 348
61 171
61 401
61 341
61 379
61 415
62 68
62 239
62 143
62 146
62 347
62 124
63 496
63 282
63 235
64 224
64 110
65 291
65 259
67 241
68 376
68 424
68 216
68 221
69 483
69 389
69 461
69 430
69 432
69 243
69 248
70 193
70 170
70 204
70 348
70 319
71 393
71 171
72 125
72 446
73 258
73 389
73 111
73 240
73 178
73 188
73 415
74 256
74 162
74 297
74 403
74 182
74 377
74 346
74 252
74 222
75 298
75 268
75 341
76 401
76 243
76 499
76 379
76 351
77 364
77 172
77 221
78 382
78 99
78 324
78 242
78 478
79 482
79 203
79 333
79 118
79 377
80 390
80 231
80 246
80 475
80 444
81 288
81 167
81 140
81 400
82 288
82 140
82 464
82 442
83 146
83 410
84 224
85 194
85 169
85 299
85 251
85 446
86 418
86 264
86 397
86 496
86 217
86 253
86 446
87 219
87 403
88 168
88 187
88 302
89 313
89 426
89 460
89 156
90 172
90 212
91 320
91 130
91 451
91 198
91 307
91 309
91 343
91 156
91 478
92 101
92 359
92 490
92 492
92 238
92 285
92 221
92 223
93 198
93 136
93 456
93 330
93 303
93 187
93 156
93 191
94 288
94 387
94 199
94 231
94 150
94 216
95 353
95 358
95 233
95 363
95 304
95 273
95 342
95 350
96 448
96 257
96 134
96 108
96 474
96 186
96 475
96 188
96 190
96 223
97 324
97 229
97 401
97 145
97 247
97 410
98 129
98 354
98 491
98 398
100 338
100 435
100 261
100 270
101 160
101 157
101 151
102 449
102 459
102 364
102 310
102 476
102 157
103 120
103 316
103 477
103 446
104 385
104 354
104 452
104 325
104 491
104 174
104 309
104 311
104 441
105 209
105 117
106 417
106 460
106 462
106 478
107 378
107 238
108 128
108 229
108 326
108 173
108 142
108 210
108 371
108 279
108 441
109 168
109 145
109 438
109 369
110 259
110 202
110 372
110 311
110 472
111 161
111 131
111 301
111 177
111 341
112 452
112 397
113 482
113 325
113 281
113 362
113 490
113 306
113 338
113 372
113 121
113 413
113 287
114 499
115 327
115 360
115 464
115 372
115 218
116 255
116 473
116 187
116 287
117 454
117 142
117 498
117 377
117 154
117 475
118 375
118 294
119 202
119 318
120 167
121 240
121 203
122 479
122 367
123 234
123 346
123 258
124 369
124 372
124 155
125 457
125 466
125 192
126 425
126 484
126 350
126 375
127 153
127 185
127 476
127 406
128 361
128 207
128 150
128 222
129 294
129 461
129 206
129 210
129 247
129 281
130 454
130 433
130 341
130 313
130 252
131 165
131 246
131 408
131 282
131 381
132 261
132 359
133 272
133 137
133 300
134 208
134 354
134 467
135 169
135 300
135 400
135 210
135 309
135 411
135 319
136 184
136 152
136 478
137 192
137 356
137 231
137 329
137 425
137 307
137 437
137 221
137 478
138 230
138 330
138 204
138 435
138 404
138 471
139 298
139 205
139 494
139 463
139 433
139 407
139 442
141 257
141 357
141 325
141 425
141 366
141 209
142 420
142 494
142 443
142 254
143 262
143 333
143 466
143 181
143 150
143 478
144 170
144 428
144 158
145 391
145 328
145 180
147 449
147 292
147 199
147 211
147 278
148 288
148 275
148 151
148 475
148 222
149 441
149 290
149 236
150 155
150 410
150 411
151 416
151 189
151 351
152 228
152 272
152 470
152 310
153 481
154 226
154 276
155 352
155 299
155 317
155 479
156 484
156 201
156 244
156 342
156 447
157 487
157 231
157 317
159 402
160 415
161 260
161 298
161 302
161 283
162 327
162 341
162 376
163 417
163 314
163 267
164 232
164 280
165 192
165 401
165 293
166 491
167 464
167 427
168 389
168 295
168 169
168 427
168 244
168 437
168 316
169 364
169 268
169 175
170 453
170 393
171 334
171 208
171 351
172 416
172 449
172 244
172 221
173 234
173 461
173 286
174 203
174 287
175 251
175 462
176 417
176 449
176 483
176 367
176 374
177 271
177 468
177 380
177 316
179 339
179 271
180 371
181 331
181 210
182 397
182 334
182 208
182 374
182 246
183 390
183 314
183 496
184 448
184 199
184 412
185 226
185 296
185 415
185 236
185 237
185 435
185 245
185 344
185 473
185 255
186 199
186 232
186 267
186 439
186 379
187 458
187 204
187 405
187 315
188 350
188 278
189 387
189 499
190 390
190 436
190 317
191 242
192 235
193 355
193 324
193 253
194 292
194 421
194 329
194 393
194 308
195 217
195 476
195 487
196 251
196 277
196 398
197 493
197 423
198 283
198 447
199 471
199 285
200 363
200 319
201 419
202 352
202 454
202 492
202 210
202 222
203 331
203 492
203 411
203 444
204 290
204 494
204 240
204 213
204 376
205 321
205 243
205 340
206 485
206 234
206 398
206 430
206 344
207 332
207 348
208 224
208 482
208 290
208 334
208 248
210 480
210 327
210 432
211 387
211 345
211 499
211 468
211 380
212 446
213 335
214 442
214 370
215 478
217 416
217 354
217 441
217 252
218 391
218 331
218 305
218 311
218 314
219 465
219 309
220 258
220 471
220 251
220 254
221 358
221 361
221 271
221 250
222 487
222 407
223 225
223 293
223 432
223 438
223 443
224 355
224 297
224 277
224 405
224 477
225 481
225 232
225 330
225 238
225 276
226 334
226 499
226 351
227 323
227 489
227 361
227 365
227 494
227 373
229 233
229 461
229 499
230 258
230 454
230 456
230 425
230 330
230 463
231 320
231 401
231 403
232 489
232 398
232 374
233 476
233 423
234 455
234 465
234 410
234 252
235 440
235 264
235 266
235 376
236 280
236 357
237 389
238 473
240 487
240 299
241 460
241 350
242 370
242 312
242 281
242 476
243 385
244 415
245 265
245 461
246 290
246 356
246 294
246 496
247 478
247 284
247 446
248 295
248 494
248 399
248 312
249 266
249 332
249 468
249 340
250 275
250 303
252 493
252 305
252 274
252 435
252 445
252 447
253 257
253 371
253 405
254 339
254 414
255 377
255 426
255 362
256 333
256 274
256 404
256 377
257 363
258 430
258 316
259 431
260 299
260 387
261 388
261 449
262 288
262 482
263 376
263 348
263 276
264 363
264 430
264 307
265 272
265 372
266 425
266 329
266 373
267 460
267 463
268 356
268 499
268 347
269 317
271 360
271 426
271 366
271 315
273 292
273 485
273 376
275 352
275 385
275 427
276 480
276 324
276 300
277 324
277 373
279 446
280 326
280 299
280 465
280 474
281 459
282 444
283 337
284 482
284 428
284 373
284 409
285 363
286 416
286 446
287 403
288 459
289 493
289 375
290 469
291 455
291 296
292 339
293 359
293 392
293 394
293 437
294 330
294 464
297 377
298 492
299 320
299 418
299 492
299 382
300 366
300 313
301 457
301 368
301 446
302 352
304 341
304 325
305 361
305 457
305 396
305 399
305 335
306 336
306 433
306 496
306 469
307 360
307 415
308 385
308 426
308 443
309 420
309 477
310 329
310 402
311 325
311 453
311 359
311 341
312 397
312 338
312 340
313 426
313 362
313 436
313 408
314 415
315 329
316 435
316 318
317 480
319 403
320 359
320 342
321 383
323 327
323 346
323 475
324 433
324 475
325 494
325 470
325 441
325 381
327 499
328 496
328 438
328 440
334 441
336 362
337 416
337 462
337 494
337 497
338 448
338 406
338 439
339 455
340 419
341 416
341 459
341 351
342 449
343 444
343 422
345 475
345 469
346 390
347 394
348 435
349 377
349 493
350 373
350 442
351 460
351 377
351 413
352 419
352 488
353 421
353 374
353 438
354 401
355 437
355 442
356 451
357 419
357 380
357 477
358 450
358 421
358 370
358 435
359 448
359 465
360 369
361 424
361 369
361 382
362 403
362 404
362 411
363 429
364 485
364 383
365 450
367 384
368 394
369 452
369 392
369 434
369 470
370 416
370 389
370 425
371 420
372 386
372 451
372 430
374 467
376 382
379 412
380 409
381 486
382 390
383 431
385 444
386 401
387 389
388 455
390 426
390 433
391 424
391 443
393 417
395 437
396 432
397 420
397 412
398 477
399 461
399 430
400 459
401 452
401 490
402 482
402 425
404 495
404 496
404 446
405 459
406 449
407 485
408 456
408 474
410 420
411 424
411 495
412 490
413 496
415 493
415 499
416 449
418 493
419 481
420 461
421 497
421 469
422 495
422 444
424 435
425 449
425 460
426 495
427 490
429 456
429 494
429 491
434 450
434 460
434 479
436 471
438 446
439 486
441 479
442 444
443 483
443 476
444 497
445 452
445 462
445 455
446 489
446 469
451 467
452 461
452 472
454 499
458 491
468 498
474 494
475 497
480 495
481 492
