500 1250
0 356
0 45
0 110
1 33
1 358
1 423
1 107
1 115
1 467
1 254
2 161
2 197
2 135
2 42
2 499
2 19
3 454
3 270
3 251
3 242
3 306
3 21
3 22
3 216
3 123
3 93
4 40
4 303
4 84
4 220
4 349
5 395
5 236
5 365
5 272
5 307
6 322
6 202
6 271
6 368
6 401
6 178
6 148
7 80
7 441
7 346
7 184
8 16
8 169
8 402
8 423
9 68
9 62
10 233
10 489
10 142
10 370
10 88
10 154
11 154
11 245
11 350
12 195
12 102
12 113
12 151
12 378
12 317
13 408
13 300
13 69
14 428
15 372
15 454
16 128
16 395
16 365
16 305
16 276
16 90
16 187
16 61
17 385
17 257
17 132
17 200
17 233
17 318
18 177
18 475
18 420
18 285
19 433
19 114
19 213
19 471
19 191
20 384
20 259
20 195
20 56
20 473
21 105
21 145
21 474
21 31
22 451
22 196
22 299
22 211
22 308
22 25
23 38
23 335
23 339
23 24
23 411
23 120
23 29
24 352
24 224
24 450
24 68
24 228
24 272
24 376
25 257
25 449
25 321
25 76
25 47
25 50
25 371
25 116
25 445
26 450
26 196
26 430
26 206
26 436
26 278
26 312
27 224
27 426
27 37
27 192
28 132
28 212
29 97
29 36
29 167
29 392
29 265
29 331
29 211
29 280
29 443
29 445
29 414
29 479
30 329
30 457
30 188
30 143
31 394
31 300
31 182
32 34
32 435
32 340
32 183
33 470
33 49
34 327
34 359
34 465
34 369
34 117
34 191
35 475
35 375
35 207
36 91
36 474
36 148
36 54
36 58
36 123
36 190
36 382
37 224
37 426
37 209
37 87
38 101
38 139
38 86
38 187
38 95
39 286
39 279
40 482
40 291
40 77
40 245
40 247
40 184
40 343
41 96
41 475
41 125
41 286
42 176
42 194
42 138
44 177
44 163
44 395
44 197
45 320
45 227
45 134
45 208
46 288
46 433
46 110
47 424
47 467
47 279
48 170
48 117
48 373
49 220
50 128
50 72
50 341
50 438
51 441
51 447
52 272
52 58
53 358
53 432
53 176
53 467
53 348
54 77
55 103
55 492
55 368
55 181
55 187
55 124
56 69
56 135
56 200
56 496
57 347
58 484
58 397
58 377
58 219
58 63
59 440
59 439
59 361
59 231
60 123
60 376
60 219
60 127
60 189
60 447
61 263
61 138
61 112
61 470
62 84
62 461
63 184
63 267
64 224
64 385
64 290
64 259
64 311
64 251
65 344
65 370
65 124
65 183
67 315
67 237
67 470
68 448
68 371
68 180
69 448
69 395
69 174
69 283
69 251
69 255
70 305
70 498
70 230
70 295
71 367
71 110
71 255
72 352
72 130
72 373
72 341
72 439
72 344
72 346
72 222
72 286
73 371
73 188
74 135
74 458
74 441
74 142
74 217
74 410
74 252
75 162
75 138
75 207
75 431
75 465
75 278
75 316
75 222
76 465
76 244
76 181
76 216
76 475
76 286
77 224
77 251
78 88
78 313
78 487
78 271
79 481
79 354
79 485
79 264
79 177
79 113
79 185
80 164
80 178
80 278
80 376
80 254
81 192
81 488
81 380
81 297
82 176
82 439
82 447
82 367
83 122
83 213
83 255
84 128
84 161
84 212
84 89
84 378
85 243
86 110
86 174
86 357
87 432
87 485
88 111
88 246
88 189
88 157
88 222
88 127
89 106
89 268
89 303
89 209
89 248
90 226
90 91
91 353
91 166
91 181
91 252
92 248
92 435
92 430
92 151
93 394
93 436
93 117
93 377
94 241
94 234
94 406
95 206
95 294
96 324
96 422
96 236
96 182
96 343
97 417
97 396
97 492
97 336
97 120
97 410
97 152
98 113
98 107
98 431
99 262
99 486
100 185
100 434
100 189
100 255
101 162
101 169
101 491
101 270
101 377
102 217
102 364
102 135
103 352
103 260
103 348
103 344
103 188
103 318
104 171
104 358
104 135
105 164
105 423
105 148
105 155
105 318
106 464
106 125
106 229
107 143
107 208
107 241
108 137
108 468
108 260
108 341
109 448
109 401
109 434
109 307
109 471
110 239
110 303
110 181
110 278
111 480
111 295
111 333
111 305
111 339
111 349
112 167
112 266
112 139
112 310
113 227
113 223
113 461
113 149
113 255
114 450
114 391
114 327
114 396
114 407
114 121
114 223
115 135
115 460
115 340
115 185
116 266
116 316
116 439
117 144
117 146
118 486
118 267
118 468
118 442
118 318
119 376
119 153
119 170
119 398
120 417
120 329
120 335
120 154
120 125
120 127
121 158
122 236
122 350
122 191
123 250
124 161
124 198
124 305
124 242
124 345
124 378
124 251
125 203
125 462
125 406
126 416
126 329
126 425
127 499
128 289
128 487
128 403
129 487
129 457
129 302
129 498
129 147
129 247
129 251
130 170
130 306
131 320
131 199
131 200
131 268
131 437
131 414
132 197
132 368
132 438
132 445
133 341
133 285
133 415
134 269
134 308
134 283
134 380
134 286
135 429
135 175
135 496
136 312
136 292
136 229
136 414
137 483
138 385
138 334
138 409
138 347
140 152
140 345
140 242
140 452
141 163
141 327
141 204
141 402
141 438
141 254
143 353
143 387
143 362
143 431
143 304
143 182
144 262
145 184
145 217
146 192
146 464
147 197
147 165
147 294
147 299
147 268
147 396
147 148
147 284
147 285
148 419
148 298
148 244
148 345
148 282
148 382
149 330
149 487
150 193
150 483
150 201
150 426
150 204
151 162
151 498
151 158
151 479
152 230
152 174
152 218
152 412
153 231
153 201
153 172
153 340
153 439
153 221
154 350
154 446
155 428
156 289
156 357
156 262
156 295
156 466
156 249
156 474
157 362
157 227
157 459
158 161
158 294
158 265
158 497
159 381
160 201
160 370
160 451
161 194
161 361
161 474
161 223
162 239
162 179
162 376
163 321
163 347
164 259
164 299
164 251
165 267
165 264
166 281
166 458
166 316
167 182
167 189
167 447
168 496
168 329
169 197
169 395
169 243
169 342
169 216
169 381
170 259
170 268
170 241
170 435
171 344
171 443
173 422
173 301
173 371
173 438
173 351
174 321
174 323
174 419
174 299
174 270
174 303
174 405
175 311
175 341
175 334
176 419
176 469
176 248
177 294
177 296
177 438
177 183
177 282
178 226
178 458
178 210
178 371
179 379
179 485
179 342
180 309
180 494
181 193
181 305
181 315
181 413
182 486
182 315
183 294
183 390
183 490
183 239
184 192
184 423
184 203
184 403
185 466
185 211
186 226
186 340
187 419
187 301
187 405
187 475
187 445
188 490
188 461
188 366
188 441
188 378
189 454
189 328
189 266
189 370
189 247
189 350
190 354
190 423
190 404
190 343
191 288
191 308
191 440
192 397
192 335
193 450
193 396
193 436
193 381
194 337
194 329
195 393
195 238
195 254
195 478
196 451
196 356
196 232
196 447
197 484
197 393
197 466
198 282
198 351
199 213
199 214
200 342
201 262
202 482
202 421
202 412
202 223
203 361
203 364
203 434
203 278
204 396
204 465
204 497
204 440
205 393
205 381
205 244
205 472
205 313
205 253
206 448
206 479
206 371
206 414
207 307
207 495
208 233
208 406
208 470
209 295
209 302
209 495
210 491
210 372
210 438
211 387
211 239
211 472
211 250
211 411
212 288
212 428
212 317
213 259
213 357
213 400
213 247
213 378
214 289
214 474
214 257
215 290
215 459
215 279
216 357
216 430
217 482
217 394
217 405
217 438
217 251
218 418
218 360
218 299
218 395
218 440
219 320
219 398
219 240
220 244
220 374
221 331
221 403
222 389
223 434
223 351
224 257
224 455
224 467
224 438
225 297
226 289
226 314
227 482
227 262
227 457
227 283
228 493
229 258
229 291
229 243
230 486
230 262
230 411
231 262
232 402
233 458
233 433
233 467
233 468
234 467
234 269
235 483
235 358
235 264
235 308
235 409
235 250
235 285
235 254
235 447
236 481
237 320
237 258
237 239
237 342
238 493
238 359
239 319
240 358
240 299
240 497
240 469
241 393
241 460
241 396
241 462
241 370
241 413
243 450
243 484
243 315
243 381
244 450
244 358
244 255
245 324
245 293
245 370
245 446
246 289
246 389
246 493
246 495
246 402
247 304
247 319
248 318
249 252
250 340
250 319
251 363
252 361
253 409
253 477
254 296
254 344
254 313
255 402
255 474
255 284
257 448
257 432
257 339
257 413
258 259
258 483
258 326
258 276
259 329
259 309
259 343
259 375
260 268
260 269
260 367
261 488
261 289
261 392
261 350
262 365
262 280
263 426
263 499
264 489
265 266
265 464
265 338
265 376
266 301
266 410
266 443
267 393
267 400
268 452
268 453
268 294
268 292
270 422
270 362
270 340
270 342
270 441
272 397
272 307
272 277
272 311
273 432
273 419
273 340
273 397
275 278
276 394
277 482
278 388
278 496
278 343
279 417
279 368
279 378
280 490
280 327
281 496
282 302
283 353
283 351
284 386
284 295
284 308
284 349
285 358
285 463
286 481
286 442
286 445
287 313
287 419
288 354
288 483
288 293
288 494
288 375
288 343
290 377
291 308
292 450
292 400
292 337
292 436
293 411
293 343
294 454
294 371
295 466
296 488
296 470
297 474
298 322
298 333
298 303
299 445
300 488
300 393
301 485
302 359
302 360
302 425
302 331
302 314
303 442
304 456
304 385
305 382
305 383
306 378
306 364
307 357
308 396
308 346
308 345
308 442
309 471
310 323
310 495
311 392
311 491
311 496
311 443
311 415
312 314
312 407
313 464
313 336
314 490
314 368
314 473
315 417
316 450
316 427
316 399
317 470
319 345
319 380
321 420
321 366
321 342
322 453
322 488
322 433
323 364
323 334
323 473
325 332
325 461
326 499
326 478
326 343
327 329
328 361
331 364
332 362
332 381
333 413
333 358
334 497
336 448
337 370
338 381
339 477
340 367
341 465
343 487
344 352
344 491
345 412
346 360
346 489
346 394
346 401
346 440
346 479
347 416
347 417
347 426
348 395
348 464
348 443
348 415
349 361
350 499
350 406
351 441
352 494
352 430
353 369
354 451
354 428
354 437
355 371
356 364
356 413
358 452
359 471
360 389
360 457
361 424
361 429
361 436
361 470
362 369
363 369
363 460
363 453
364 435
364 409
365 387
366 425
369 412
371 418
373 390
374 405
376 379
377 392
377 439
378 418
378 420
379 452
379 488
379 401
380 415
382 461
383 435
385 454
385 401
386 397
388 417
389 465
389 443
389 413
390 497
391 423
392 436
392 412
393 486
394 414
395 496
396 417
397 426
398 428
399 486
401 481
401 453
401 486
406 407
407 474
408 433
408 431
410 458
410 498
412 444
413 456
414 480
414 426
416 431
417 454
417 461
417 478
418 486
419 482
420 486
420 494
421 448
421 467
423 453
424 496
424 480
428 466
429 479
430 480
430 433
432 476
434 484
434 454
436 474
438 458
439 483
442 477
447 493
449 466
450 495
450 478
452 475
453 461
454 474
461 464
463 464
464 481
466 471
466 472
479 481
480 497
