500 1250
0 128
0 394
0 46
0 84
0 470
0 154
1 66
1 322
1 493
1 54
1 440
1 25
1 123
1 189
1 286
2 35
2 170
2 301
2 173
2 432
2 433
2 84
2 373
2 29
3 488
3 73
3 8
3 206
3 95
4 195
4 35
4 85
4 23
4 378
4 127
5 424
5 174
5 369
5 210
5 147
5 413
5 222
6 352
6 474
6 332
6 159
7 386
7 262
7 424
7 273
7 51
7 499
7 219
8 353
8 100
8 484
8 423
8 60
9 389
9 167
9 11
9 141
9 413
9 191
10 49
10 219
10 492
10 165
11 224
11 391
11 310
11 312
12 416
12 99
12 260
12 82
12 374
12 218
13 194
13 292
13 70
13 326
13 331
13 236
13 333
13 468
13 149
13 470
14 448
14 262
14 104
14 244
14 276
14 472
14 188
15 209
15 142
16 32
16 307
16 126
17 256
17 322
17 451
17 324
17 295
17 203
17 114
17 279
17 24
17 91
18 441
18 83
18 342
19 96
19 67
19 266
19 397
19 63
20 256
20 129
20 179
20 373
20 92
21 96
21 66
21 213
22 427
22 433
22 50
22 278
22 412
23 98
23 31
24 195
24 78
24 273
24 242
24 342
24 127
25 201
25 490
25 497
25 212
26 32
26 176
26 336
26 114
26 147
26 151
26 347
27 294
27 493
27 496
27 373
27 410
27 221
28 449
28 132
28 423
28 297
28 172
28 179
28 150
28 409
28 154
28 61
29 385
29 185
29 298
30 135
30 200
30 396
30 466
30 50
31 450
31 290
31 395
31 441
31 154
31 415
32 258
32 138
32 497
32 120
32 377
33 240
33 235
33 349
33 479
34 248
34 497
34 443
34 430
35 392
35 301
35 440
35 59
36 232
36 298
36 496
36 374
36 470
37 168
37 228
37 310
38 481
38 301
38 348
38 245
39 423
39 424
39 493
39 114
39 56
40 306
40 135
41 352
41 112
41 113
41 434
41 376
42 97
42 292
42 329
42 201
42 178
42 447
44 352
44 261
44 461
44 206
44 335
44 46
44 413
44 62
45 70
45 358
45 205
45 436
45 411
46 386
46 326
46 424
46 170
46 437
46 470
47 99
47 402
47 403
47 245
47 411
48 196
48 326
48 363
48 153
48 316
49 232
49 401
50 293
50 174
50 52
50 249
51 68
51 240
51 306
51 403
52 161
52 368
52 311
52 381
52 446
53 417
53 194
53 196
53 198
53 492
53 155
53 280
53 91
54 128
54 354
54 459
54 206
54 466
54 468
55 256
55 313
55 363
55 301
56 122
56 219
56 111
57 361
57 339
57 406
57 286
58 115
58 268
58 467
59 448
59 425
59 372
59 346
60 230
60 71
60 112
60 337
61 391
61 494
61 310
61 123
62 316
62 446
62 230
63 424
63 395
63 462
63 253
64 350
64 143
65 216
65 458
65 387
66 258
66 390
66 137
66 364
66 430
66 497
66 437
67 250
67 163
67 495
68 136
68 197
69 297
69 107
69 309
69 342
70 274
70 402
71 450
71 198
71 272
71 376
71 409
71 191
72 490
72 203
72 397
72 239
72 214
72 123
73 89
73 334
73 152
73 153
74 433
74 171
75 212
75 309
76 225
76 332
76 236
76 463
76 239
76 273
76 152
76 345
77 357
77 178
77 467
77 85
77 280
77 313
77 442
77 158
78 203
78 338
78 310
78 221
79 217
79 402
80 297
80 170
80 395
81 200
81 419
81 172
82 198
82 235
82 220
82 351
83 433
83 170
83 221
84 317
84 405
85 131
85 229
85 142
85 402
85 191
86 176
86 273
86 147
87 259
87 188
88 474
88 334
88 231
89 289
89 154
89 459
89 173
89 499
89 186
90 208
90 348
90 486
91 416
91 226
91 333
91 429
91 144
91 122
92 449
92 487
92 330
92 491
92 235
92 220
93 161
93 371
93 95
94 400
94 220
95 322
95 293
95 205
95 146
95 147
95 183
96 367
96 188
96 179
96 476
97 489
97 365
98 232
98 340
99 375
100 186
100 236
100 333
101 353
101 387
101 143
101 497
101 414
102 429
102 413
103 290
103 146
104 483
104 336
104 340
104 151
105 283
105 343
105 215
106 388
106 199
106 365
106 112
106 336
106 404
107 226
107 388
107 403
107 374
108 321
108 225
108 218
108 187
108 252
109 122
109 179
110 363
110 340
110 453
110 439
111 256
111 138
111 247
111 250
112 356
112 294
112 233
112 140
112 434
112 185
113 273
113 169
114 258
114 133
114 498
114 181
115 370
115 298
115 447
116 356
116 357
116 230
116 263
116 232
116 430
117 357
117 425
117 363
117 269
117 151
118 257
118 357
118 414
118 181
119 434
119 491
119 412
120 324
120 206
120 374
120 442
121 224
121 448
121 302
121 143
121 410
122 408
122 217
122 284
123 484
123 134
123 406
123 478
124 491
124 155
124 395
124 142
124 213
124 347
124 380
124 349
125 294
125 168
125 467
125 158
125 286
126 166
126 394
126 434
126 220
127 377
127 188
128 364
128 365
128 211
129 240
129 149
129 310
129 380
129 477
130 362
130 342
130 271
131 302
131 367
131 153
131 219
132 390
132 486
133 449
133 456
133 301
133 271
134 322
134 207
134 284
134 381
135 161
135 262
135 272
135 464
136 274
137 201
137 202
137 369
137 405
137 344
138 139
138 268
138 269
138 400
138 337
138 187
139 225
139 169
139 204
139 142
139 149
141 166
141 360
141 278
141 188
142 480
142 422
142 174
142 218
142 383
143 387
143 424
143 473
143 340
143 181
143 477
144 370
144 419
144 420
145 329
146 379
146 236
147 188
148 227
148 388
148 208
148 304
148 277
149 417
149 259
149 477
149 254
150 289
150 291
150 404
151 419
151 248
152 384
152 385
152 170
153 182
153 279
153 315
154 421
154 198
155 266
155 409
155 221
156 484
156 486
156 174
156 271
156 401
156 376
156 473
157 265
157 381
157 181
158 231
158 181
158 189
159 258
159 265
159 491
159 463
161 320
161 210
161 473
161 475
161 253
162 307
163 217
163 427
163 246
164 488
164 481
164 471
165 201
166 292
167 355
167 293
167 334
168 326
168 398
168 304
168 305
168 188
168 414
169 385
169 272
169 189
169 223
170 419
170 176
171 273
171 339
172 389
172 363
172 272
172 404
172 213
172 191
173 293
173 487
174 256
174 386
174 197
174 377
174 379
175 388
175 389
175 396
175 333
175 206
175 429
175 435
176 489
176 236
176 415
177 200
177 492
177 463
177 465
177 414
178 377
178 349
178 221
179 292
179 459
180 343
181 229
181 471
182 361
183 353
183 481
183 273
184 459
184 204
184 334
184 240
184 245
184 342
184 477
184 382
184 223
185 195
185 487
185 275
186 393
186 197
187 193
187 238
187 252
188 293
188 297
188 330
188 265
188 365
188 415
189 363
189 340
189 348
190 219
190 380
191 461
191 206
191 478
192 419
192 396
193 448
193 243
193 218
193 318
194 369
194 195
195 257
195 292
195 493
195 276
195 471
195 312
196 450
196 456
196 441
196 249
197 332
197 342
198 407
198 202
198 247
199 442
199 201
199 437
201 480
201 244
201 442
201 317
201 318
202 318
202 361
203 268
203 463
204 356
204 467
204 285
205 384
205 230
205 331
205 308
205 442
205 253
206 443
206 379
207 486
207 295
207 460
207 248
207 441
209 361
209 497
210 488
211 243
211 310
211 279
211 473
212 398
212 337
212 311
212 476
213 257
213 467
213 443
213 379
215 280
215 332
215 454
216 321
216 327
216 492
216 305
216 282
217 485
217 455
219 256
219 229
219 493
219 496
219 434
219 221
220 356
220 327
220 374
220 254
221 448
221 389
221 396
221 402
221 410
222 257
222 305
223 270
223 273
223 315
223 287
224 228
224 294
224 245
225 354
225 453
225 229
225 432
225 466
225 308
225 342
225 255
226 260
227 231
227 375
229 450
229 355
229 358
229 365
229 429
230 289
230 393
230 333
230 431
230 440
230 447
231 299
231 273
232 272
232 273
232 371
232 318
233 490
234 298
234 423
235 300
235 399
235 376
235 442
236 368
237 304
237 493
238 451
238 492
238 307
238 344
238 476
239 290
239 459
239 302
240 307
241 246
243 369
243 292
244 312
245 248
245 323
245 410
246 450
246 489
246 306
246 403
247 295
247 360
247 492
247 346
248 374
248 253
249 489
249 316
250 365
251 271
251 399
252 328
252 270
252 340
253 389
253 365
253 398
253 336
253 465
253 303
254 494
254 407
254 445
255 427
255 268
255 303
256 385
258 305
259 495
260 390
260 397
260 430
261 378
261 477
261 454
262 449
262 413
263 396
263 482
264 284
264 366
264 423
265 493
265 338
266 397
267 385
267 349
268 452
268 326
268 456
268 297
269 416
269 492
270 482
270 489
270 496
270 477
271 392
271 426
271 333
271 302
271 467
272 296
272 427
272 302
273 360
273 457
274 421
274 307
274 441
275 376
275 289
275 483
276 323
276 297
276 439
277 321
277 411
278 482
278 293
278 279
278 318
279 452
279 434
280 282
280 319
283 365
283 305
284 430
284 339
285 374
286 353
287 369
287 492
287 445
288 395
289 481
289 354
289 428
289 333
289 319
290 369
290 347
290 476
291 360
291 477
292 367
292 477
294 302
295 299
295 343
296 326
296 308
296 342
297 324
297 485
297 302
299 436
300 494
301 322
301 427
302 455
302 475
303 393
303 335
303 343
304 488
304 372
305 478
305 459
305 334
306 338
306 469
306 377
307 322
307 323
307 325
307 360
309 421
309 382
310 451
310 396
310 314
311 366
311 399
311 443
311 380
312 431
312 379
313 375
314 388
314 496
314 408
314 442
315 360
315 458
315 368
315 439
316 494
317 354
317 483
317 499
319 484
319 326
320 447
321 324
323 355
323 444
324 386
324 490
324 427
324 403
324 471
326 430
326 407
327 490
327 460
328 336
328 365
329 498
330 487
331 353
332 419
332 347
332 349
333 382
334 417
334 435
334 350
335 449
335 346
335 381
336 426
336 372
336 408
337 450
337 403
338 480
338 468
340 393
342 427
342 444
344 419
345 364
345 354
348 458
348 411
348 476
348 446
349 389
350 499
356 393
356 461
357 490
357 461
358 481
358 393
358 375
359 462
360 444
361 432
361 370
361 373
362 416
362 363
364 387
364 462
365 485
365 447
366 434
367 461
369 429
369 443
370 436
371 483
371 451
371 488
371 475
371 445
372 452
372 470
372 406
373 419
375 434
376 451
376 406
377 407
379 390
380 417
380 449
380 474
381 387
381 430
381 463
382 443
383 442
383 401
383 450
385 494
386 433
386 445
387 472
388 434
391 416
393 480
393 418
393 457
394 412
395 460
396 462
396 472
396 476
398 422
399 456
399 434
400 472
401 492
403 489
403 458
406 413
407 428
408 454
408 410
410 424
411 420
412 478
413 475
414 484
414 459
414 496
414 466
415 422
415 489
416 490
420 480
421 456
421 465
422 440
425 470
428 467
429 455
430 454
431 456
432 465
436 492
437 460
437 476
441 467
441 446
444 497
453 466
453 460
461 485
466 493
467 486
476 499
