500 1250
0 68
0 8
0 400
0 499
0 283
1 288
1 303
1 433
1 472
1 218
2 386
2 358
2 250
2 429
2 397
2 433
2 113
2 373
2 374
2 89
2 410
3 284
3 246
3 263
4 11
4 52
5 167
5 169
5 43
5 273
5 476
6 282
6 294
6 455
7 64
7 131
7 164
7 186
7 333
7 142
7 303
7 282
7 318
7 95
8 480
8 99
8 487
8 45
8 144
8 243
8 276
8 340
8 214
8 181
9 320
9 161
9 331
9 496
9 119
9 377
9 58
10 451
10 326
10 105
10 203
10 145
10 149
10 59
11 387
11 209
11 184
11 219
12 450
12 130
12 469
12 410
12 62
13 384
13 387
13 182
13 439
13 88
13 218
14 263
14 143
14 432
14 338
14 371
14 312
15 160
15 417
15 58
15 200
16 420
16 263
16 241
16 404
16 469
17 49
17 276
18 81
18 230
18 70
18 391
19 481
19 418
19 233
19 298
19 428
19 140
19 154
20 386
20 98
20 233
20 466
20 52
20 344
20 313
20 156
21 294
21 391
21 266
21 438
21 123
21 317
21 222
22 484
22 326
22 135
22 299
22 300
22 401
22 436
22 182
22 254
23 64
23 281
23 149
23 127
24 449
24 419
24 247
24 153
24 26
24 188
25 368
25 435
25 460
25 151
26 71
26 170
26 462
26 369
26 372
26 55
27 292
27 332
27 45
27 406
27 87
27 315
28 64
28 194
28 36
28 236
28 177
28 437
29 32
29 65
29 259
29 166
29 188
29 156
30 40
30 50
30 390
30 87
31 281
31 284
32 160
32 289
32 241
32 156
32 415
33 122
33 284
34 100
34 268
34 262
34 79
35 321
35 291
35 164
35 165
35 390
35 395
35 50
35 435
36 233
36 242
37 202
37 370
37 140
38 457
38 427
38 212
38 255
39 175
39 259
39 103
40 262
40 329
40 465
40 370
40 308
40 439
40 153
40 218
41 225
41 424
41 426
41 106
41 335
41 496
41 403
42 480
42 362
42 85
42 155
42 127
43 57
43 481
43 372
44 290
44 171
44 70
45 449
45 69
45 456
45 472
46 184
46 292
47 329
47 95
47 334
47 455
48 230
48 139
48 396
48 206
48 147
49 467
49 460
49 109
50 386
50 421
50 365
50 437
50 311
50 57
50 346
51 388
51 198
51 207
51 403
51 214
52 68
52 424
52 108
52 428
52 430
53 57
53 349
54 245
54 314
54 445
54 487
55 58
55 391
56 494
57 366
57 284
57 477
58 143
58 473
58 156
58 343
59 361
59 147
59 310
59 183
59 182
59 346
60 88
60 274
61 264
61 488
61 106
61 330
61 108
62 259
62 119
62 91
62 479
63 323
63 391
63 202
63 363
63 106
63 119
63 215
63 222
63 350
64 131
64 463
64 146
64 442
65 320
65 261
65 294
65 329
65 171
65 300
65 431
65 180
65 340
66 480
66 388
66 395
66 369
66 282
66 127
67 397
67 271
67 371
67 406
67 475
68 329
68 459
68 363
68 89
69 458
69 493
69 79
69 340
69 446
71 320
71 495
71 176
71 284
72 452
72 456
72 459
72 334
72 369
72 274
72 277
73 312
73 90
73 285
73 174
74 332
75 465
75 437
75 182
75 282
75 285
76 320
76 130
76 266
76 276
76 251
77 256
77 396
77 112
78 461
78 380
78 189
78 216
79 156
79 245
79 412
80 264
80 324
80 245
81 441
81 316
81 261
82 224
82 420
82 230
82 105
82 429
82 179
82 150
83 320
83 273
83 127
84 248
84 267
84 397
85 385
85 484
85 325
85 165
85 476
86 134
86 231
86 392
86 424
86 330
86 403
86 442
86 158
87 264
87 169
87 335
87 466
87 179
87 340
87 276
87 371
87 255
88 417
88 171
88 491
88 341
88 118
88 348
88 124
89 259
89 366
89 434
89 338
89 341
89 218
89 220
90 298
90 464
90 432
90 286
91 422
91 364
91 332
91 152
92 360
92 397
92 461
92 242
92 118
92 407
92 123
92 350
92 319
93 460
93 396
93 333
93 248
93 186
93 285
94 352
94 369
94 263
94 303
95 416
95 294
95 206
95 241
96 337
96 138
96 258
96 303
97 444
97 343
97 135
98 323
98 144
98 402
98 121
99 452
99 454
100 472
100 377
100 242
101 155
102 224
102 473
102 443
102 447
103 151
103 233
103 186
104 441
104 469
104 327
105 172
105 141
105 125
105 191
106 203
106 492
106 251
106 347
106 478
107 195
107 245
107 110
108 275
108 157
109 497
109 193
109 447
110 393
110 434
110 142
111 466
112 416
112 484
112 212
112 156
113 325
113 426
113 493
113 312
114 320
114 467
115 480
116 376
116 155
116 244
116 133
117 260
117 391
117 296
117 208
117 369
117 275
117 276
118 468
118 163
119 294
119 278
119 156
120 258
120 163
120 420
120 379
120 287
121 199
121 297
121 330
121 440
121 319
122 160
122 287
122 231
122 313
122 217
122 348
122 413
122 319
123 288
123 468
123 436
123 151
123 345
124 161
124 137
124 171
124 333
124 270
124 318
124 223
125 417
125 332
126 305
126 435
126 195
127 449
127 144
127 464
128 185
128 452
129 439
130 172
130 305
130 277
130 283
131 257
131 260
131 202
131 238
131 213
132 294
132 465
132 261
132 286
133 354
133 429
134 416
134 455
134 140
134 433
134 145
135 164
135 166
135 250
136 362
137 408
138 424
138 343
138 287
139 352
139 334
140 490
140 238
140 467
140 313
141 249
142 339
142 422
143 168
143 457
143 460
143 238
143 413
144 289
144 351
144 367
144 471
144 281
145 195
145 493
145 152
145 412
145 159
146 325
146 265
146 334
146 147
147 449
147 383
148 227
148 488
148 364
148 429
148 437
148 311
149 168
149 169
149 202
149 304
149 411
150 460
150 382
150 332
151 202
151 495
151 415
152 417
152 290
152 291
152 395
152 219
152 446
153 430
153 497
153 410
154 226
154 424
154 173
154 337
154 185
154 221
154 445
155 306
155 344
156 282
156 396
156 310
156 250
156 287
157 235
157 389
157 255
158 418
158 299
158 204
158 397
158 497
158 282
159 263
159 363
159 205
159 210
159 178
159 276
159 471
160 481
160 355
160 167
160 232
160 400
160 437
161 388
161 336
161 338
161 374
162 326
162 295
162 300
162 209
162 311
162 443
163 420
163 357
163 399
164 356
164 360
164 425
164 180
164 223
165 485
165 460
165 398
165 437
165 312
166 386
166 262
166 491
167 169
167 278
167 185
167 317
168 386
168 460
168 206
168 496
168 401
168 212
168 309
168 319
169 328
169 170
169 271
169 439
170 279
170 184
170 191
171 294
171 456
171 436
172 181
172 378
172 443
174 225
174 271
174 211
174 222
175 429
176 235
176 183
176 218
176 222
177 277
178 482
178 409
178 268
178 249
178 478
180 256
180 498
180 346
181 261
181 487
181 201
181 270
181 498
181 345
181 477
182 450
182 240
183 361
183 208
183 343
184 198
184 424
184 329
184 304
184 465
185 294
185 338
185 403
185 470
185 379
186 205
187 499
187 300
187 324
188 219
188 461
189 417
190 274
190 356
190 319
191 366
192 240
192 337
193 453
193 374
193 217
193 476
194 258
194 323
194 424
194 499
195 486
195 199
195 286
196 269
196 333
197 428
197 404
198 232
199 336
201 273
201 290
201 263
202 329
202 282
202 380
203 227
203 393
203 242
204 357
205 467
205 475
205 349
206 388
206 491
206 366
206 444
207 311
207 343
208 352
208 319
208 479
208 309
208 383
209 237
209 366
211 449
211 420
211 242
211 436
211 373
211 375
211 314
211 286
212 323
213 323
213 452
213 332
216 240
216 410
216 292
217 485
217 392
217 303
217 371
218 299
218 461
218 369
218 348
219 288
219 376
219 331
219 437
220 488
220 405
220 351
222 481
222 451
222 232
222 434
222 275
222 437
222 441
223 321
223 356
223 237
224 338
224 477
225 313
225 421
226 272
226 450
226 439
227 362
228 234
228 258
228 475
230 428
231 420
231 401
231 345
232 480
232 414
232 411
233 368
234 307
234 356
234 389
235 387
235 260
235 431
235 473
235 317
235 414
235 479
238 420
238 339
239 409
239 461
240 489
240 363
240 333
240 375
240 380
242 320
242 260
243 491
243 348
243 485
244 474
245 374
245 377
246 388
246 454
246 458
246 330
246 334
247 377
247 300
248 444
248 463
249 345
250 353
250 365
250 402
250 435
250 410
251 449
251 420
251 303
251 254
252 477
253 392
253 481
253 410
253 492
254 483
254 327
254 317
255 432
255 346
255 350
256 292
256 263
256 368
256 476
256 318
256 447
257 282
257 324
257 286
258 268
258 312
259 367
260 328
260 395
261 326
261 456
261 495
262 424
262 369
263 465
263 338
264 300
265 368
265 401
265 455
266 326
266 327
267 368
267 388
268 438
270 290
270 454
271 298
271 462
271 377
272 384
272 398
272 309
272 438
273 309
274 482
274 455
274 432
276 428
276 460
276 468
276 343
276 345
276 282
276 350
277 491
277 434
278 336
278 467
279 284
279 478
280 496
281 434
281 467
282 495
282 434
282 380
282 415
283 392
284 429
284 335
285 386
285 364
285 491
285 403
286 421
286 467
286 312
287 293
287 349
288 416
288 386
288 438
289 487
289 472
289 410
290 296
291 358
292 408
292 398
293 328
294 484
294 457
294 298
294 382
295 369
295 498
295 447
296 336
297 418
297 403
297 377
298 384
298 480
298 456
298 402
299 334
299 432
300 447
301 385
301 450
301 470
302 422
302 395
302 463
302 475
302 413
303 313
305 408
305 476
306 396
307 419
307 414
308 309
308 493
309 323
309 372
310 498
312 419
312 369
312 340
313 439
313 377
313 443
314 422
314 339
314 403
314 378
316 393
317 341
318 364
319 428
319 466
319 404
319 347
320 468
321 408
321 471
322 464
322 393
324 430
324 414
325 371
326 371
327 383
328 445
329 405
329 406
331 429
331 442
331 479
332 393
332 458
332 337
334 354
336 499
337 485
337 390
337 407
338 353
338 399
338 445
339 353
340 399
341 416
341 384
342 384
342 462
342 367
343 460
345 420
347 392
347 380
348 387
348 486
349 469
350 389
350 490
351 387
352 416
354 425
354 428
354 376
355 395
356 377
357 457
358 428
358 485
359 417
359 385
359 413
359 437
360 365
360 455
361 409
363 490
363 458
365 396
365 378
366 455
367 389
369 373
370 450
370 474
370 479
371 405
372 381
373 427
373 473
374 388
374 417
374 424
376 449
378 433
379 403
379 425
381 405
382 409
383 475
384 454
384 435
386 489
386 462
387 404
388 402
390 432
390 467
392 492
392 408
393 492
393 410
394 430
395 442
395 474
395 413
396 464
396 409
400 490
400 447
401 435
401 471
402 495
403 456
403 408
404 478
409 451
409 499
410 462
414 499
415 450
417 473
418 455
420 428
421 425
421 492
423 441
425 456
427 474
428 495
434 467
437 450
437 479
439 459
442 448
442 444
447 478
450 453
450 498
454 498
457 496
457 498
457 472
463 464
473 478
481 482
481 492
485 488
486 491
