500 1250
0 185
0 355
0 37
1 165
1 232
1 470
1 438
1 156
2 99
2 326
2 166
2 496
2 344
2 62
3 486
3 360
3 79
3 336
3 209
3 376
3 120
4 484
4 70
4 397
4 179
4 181
4 117
4 184
4 253
5 195
5 489
5 330
5 305
5 187
5 252
6 192
6 384
6 68
6 478
6 13
6 46
6 54
6 413
6 414
7 355
7 39
7 41
7 80
7 20
7 414
8 129
8 98
8 483
8 432
8 117
8 152
9 468
9 84
9 407
10 225
10 70
10 366
10 431
10 47
10 246
11 65
11 450
11 41
11 458
11 110
11 315
11 122
11 155
11 476
12 488
12 136
12 183
12 152
12 383
13 429
13 15
13 437
13 315
14 346
14 358
14 367
15 378
15 462
16 259
16 325
16 263
16 150
16 375
16 185
17 474
17 378
17 436
17 98
18 32
18 226
18 227
18 235
18 300
18 205
18 143
18 207
18 150
18 23
19 294
19 495
19 121
19 284
19 318
20 356
20 457
20 141
20 334
20 438
20 342
20 158
21 194
21 274
21 446
22 98
22 69
22 492
22 44
22 381
23 96
23 289
23 197
23 48
23 208
24 295
24 298
24 300
24 48
24 154
25 256
25 324
26 301
26 342
27 73
27 458
27 37
27 247
28 166
28 78
29 130
29 67
29 124
29 102
30 229
30 272
30 498
30 242
30 149
30 412
31 237
31 366
31 431
31 374
31 89
31 157
31 63
32 64
32 36
32 116
32 254
33 224
33 155
33 453
33 437
34 228
34 164
34 423
34 464
34 277
34 346
35 192
35 358
35 268
35 276
35 319
36 139
36 332
36 208
36 403
36 184
37 257
37 386
37 489
37 339
37 310
38 261
38 331
38 236
38 341
38 314
38 350
39 77
39 461
39 434
39 148
39 279
39 413
40 418
40 300
40 53
40 124
40 286
41 161
41 483
41 135
41 43
41 243
41 435
41 439
41 443
41 349
42 291
42 133
42 437
42 440
42 348
43 49
44 225
44 186
44 277
45 323
45 228
45 425
45 52
45 185
45 282
46 129
46 484
46 231
46 395
46 273
46 244
46 407
46 375
47 325
47 495
48 128
48 202
48 269
48 144
48 434
48 308
49 257
49 210
50 126
50 298
50 206
51 139
51 189
51 294
52 64
52 394
52 331
52 401
52 119
52 217
52 412
53 363
53 241
53 372
53 310
53 382
54 131
54 332
54 119
54 280
54 473
54 122
54 216
54 351
55 167
55 329
55 265
55 300
55 314
55 61
56 328
56 61
56 470
57 449
57 497
57 404
57 247
57 285
59 391
59 202
59 268
59 278
59 346
60 218
60 356
60 270
60 119
61 332
61 208
61 497
61 146
61 215
62 123
62 66
63 456
63 418
64 495
65 352
65 227
65 266
65 113
65 437
65 438
66 180
66 244
67 217
67 492
68 378
68 482
68 271
69 464
69 240
69 270
70 354
70 226
70 296
70 460
70 495
70 150
70 285
71 73
71 114
72 322
72 132
72 298
72 498
72 148
72 408
73 327
73 213
73 442
74 138
75 134
75 329
75 364
75 300
75 207
75 181
75 221
76 439
76 414
76 399
77 327
77 273
77 114
77 407
77 92
79 133
79 270
79 335
79 411
80 352
80 224
80 130
80 416
80 292
80 377
81 160
81 320
81 363
81 148
82 352
82 362
82 173
82 209
82 182
82 122
82 219
83 288
83 226
83 150
83 314
83 187
83 190
84 168
84 235
85 356
85 392
85 269
85 435
85 351
86 96
86 162
86 483
86 453
86 297
86 113
86 307
86 247
86 126
87 424
87 465
87 118
87 334
88 432
88 420
88 92
88 111
89 417
89 393
89 241
89 216
89 187
90 417
90 324
90 427
90 115
90 435
90 375
90 184
90 95
91 201
91 139
91 373
91 439
92 313
92 221
92 184
93 193
93 386
93 458
93 310
93 154
94 346
94 325
94 478
95 195
95 100
95 422
95 235
95 248
95 281
95 126
96 442
96 199
97 489
97 451
97 316
97 413
98 143
98 464
98 181
98 444
99 164
99 101
99 488
99 396
99 498
100 352
100 131
100 167
100 172
100 178
101 370
102 361
102 239
102 497
102 348
102 253
103 258
103 372
103 338
104 355
104 453
104 271
104 369
104 311
104 284
104 191
105 442
105 173
105 367
106 449
106 458
106 331
106 301
106 205
107 289
107 308
108 152
108 379
108 163
108 219
109 326
110 333
110 400
110 121
110 187
111 275
111 492
111 390
112 291
112 453
112 393
112 338
112 117
113 195
113 494
113 305
114 129
114 200
114 404
114 340
114 118
114 477
115 200
115 166
116 320
116 228
116 389
116 326
116 329
116 176
116 212
116 248
116 122
117 448
117 242
117 222
118 324
118 199
118 457
118 202
118 274
118 402
118 342
118 121
118 124
118 446
119 160
119 165
119 333
119 280
120 256
120 169
121 268
121 332
122 253
122 413
123 417
123 193
123 137
123 334
124 314
124 347
125 293
125 285
125 238
126 454
126 171
126 435
126 443
127 391
127 429
127 221
127 173
128 432
128 355
128 375
129 294
129 176
129 467
129 219
129 478
130 288
130 451
130 250
130 363
130 409
130 218
130 415
131 410
131 494
132 228
132 295
133 449
133 491
133 459
133 436
134 212
134 475
134 444
134 350
135 320
135 205
135 271
136 491
136 333
136 238
136 211
137 315
137 181
137 334
138 468
139 250
140 455
140 176
140 376
140 281
140 414
141 232
141 367
141 408
141 190
142 384
142 419
143 450
144 460
144 304
144 401
144 368
144 475
145 391
145 420
145 447
146 163
146 485
146 389
146 428
146 236
147 185
147 434
148 415
148 303
148 149
148 438
148 411
148 351
149 318
149 365
149 151
149 377
150 298
151 455
151 182
151 349
151 285
152 454
152 220
153 230
153 234
153 471
153 408
153 379
154 390
154 365
154 218
155 298
155 238
155 239
156 424
156 165
156 367
157 482
157 296
157 301
157 304
157 180
157 410
158 194
159 280
159 245
159 405
159 207
160 320
160 229
160 281
161 385
161 294
161 455
161 303
161 496
161 241
161 468
161 315
161 220
161 253
162 257
162 455
162 338
162 282
162 253
163 396
163 304
163 215
164 457
164 362
164 267
164 434
164 243
164 477
165 357
165 198
165 211
165 244
166 499
167 206
167 176
167 435
167 446
168 402
168 246
168 383
169 224
169 465
169 244
169 375
170 214
171 357
172 452
172 485
172 222
174 423
174 267
174 494
174 304
174 473
175 274
175 403
175 376
175 187
175 190
175 351
176 426
177 450
177 466
177 276
177 181
177 377
177 474
178 358
178 360
178 445
178 254
179 257
179 356
179 189
179 478
180 430
180 212
180 221
180 190
181 388
181 238
181 304
181 344
182 350
182 270
183 426
183 403
183 295
184 318
185 416
185 221
186 450
186 264
186 235
186 273
188 455
188 242
188 231
189 489
189 476
190 205
190 337
190 443
191 421
191 235
191 342
191 439
192 205
192 421
193 327
193 359
193 297
194 250
194 452
196 400
196 394
196 419
197 225
197 291
197 363
197 493
197 433
197 342
198 446
198 462
198 423
199 295
199 232
199 241
200 299
200 304
200 276
201 456
201 301
201 237
201 463
201 315
201 308
201 317
202 203
202 205
202 383
203 478
203 486
203 223
204 357
204 325
204 328
204 363
204 220
204 475
204 348
205 290
205 451
205 389
205 362
206 362
206 399
206 213
207 489
207 443
208 361
208 399
208 446
209 426
209 373
209 473
210 455
210 456
210 329
210 463
211 451
211 465
211 307
211 343
211 478
212 230
212 285
213 483
213 484
213 307
214 297
214 466
214 475
215 482
215 407
216 421
217 417
217 318
217 255
218 289
218 427
218 372
218 244
219 236
219 306
219 405
220 370
221 266
221 365
221 429
221 316
222 365
223 421
224 267
224 365
224 467
225 352
225 419
225 239
225 284
226 390
226 391
227 365
227 431
227 247
227 447
228 249
229 419
229 461
229 377
229 252
230 390
230 311
231 342
231 478
232 386
232 265
232 269
233 441
233 410
235 271
235 438
235 247
236 497
236 245
236 380
237 395
237 375
237 479
238 292
238 332
238 339
239 401
239 346
239 476
240 261
240 295
240 488
240 283
240 413
241 392
241 459
241 268
241 401
241 276
241 469
242 493
243 352
243 366
243 476
244 490
244 274
244 404
245 385
245 418
245 374
245 284
245 286
246 422
247 439
247 348
247 478
248 467
248 390
249 480
249 278
249 343
250 418
250 409
251 281
251 494
252 368
253 368
253 370
253 309
254 256
254 303
254 280
254 318
254 319
255 325
255 263
255 393
255 367
255 271
255 311
255 472
256 453
256 395
256 476
257 494
257 346
258 466
258 483
258 372
259 302
260 457
260 476
261 389
261 472
262 496
262 433
262 470
263 457
263 458
263 431
263 279
263 445
263 446
264 496
265 414
266 462
266 382
267 292
267 369
268 290
269 298
269 492
269 412
270 294
270 336
270 433
270 468
270 346
271 326
271 491
271 465
271 307
271 282
272 486
274 336
275 496
275 433
275 314
276 310
277 322
277 395
277 374
278 467
278 475
280 293
280 330
280 314
280 478
281 304
282 443
283 314
284 294
285 483
288 434
288 440
288 415
290 335
290 370
290 498
291 434
292 321
292 463
292 310
293 363
294 437
294 382
295 478
295 340
295 349
295 350
297 424
297 442
297 349
298 339
298 316
299 443
299 445
300 491
300 381
301 487
301 405
302 304
302 491
302 311
303 485
303 333
304 354
304 447
305 457
305 336
305 497
306 339
306 431
307 351
308 329
308 394
308 313
309 335
310 400
311 353
311 349
312 446
313 365
313 382
314 488
316 409
317 485
317 398
318 323
318 405
318 473
319 482
320 374
320 344
321 358
322 489
322 443
322 351
323 404
324 463
324 373
325 348
325 380
326 397
326 334
327 364
327 439
328 355
328 426
328 442
330 424
330 404
331 480
333 486
334 383
335 355
335 444
335 349
339 420
339 443
342 481
343 452
343 455
344 432
346 354
346 439
348 460
348 435
349 457
349 435
350 442
351 458
352 491
353 405
354 441
355 419
356 441
357 428
357 431
359 427
360 379
361 478
362 452
362 430
363 449
364 438
364 407
366 468
367 454
367 396
367 466
368 396
368 397
368 380
370 422
370 380
371 392
373 462
374 393
374 492
378 383
380 464
381 450
381 397
384 463
384 468
384 412
385 425
385 489
386 491
386 476
387 482
387 451
387 461
387 471
388 480
388 492
389 484
390 462
391 392
395 473
396 443
398 498
399 400
400 413
401 443
401 477
402 486
402 423
404 443
404 412
405 485
405 428
405 473
405 414
406 494
408 471
408 445
410 445
413 424
413 493
414 450
414 487
415 429
418 483
418 491
419 493
420 452
422 439
424 462
425 482
425 481
426 475
426 445
428 494
431 434
432 448
433 499
433 474
434 479
436 450
436 495
436 442
437 440
439 476
440 462
440 463
440 497
442 443
443 473
443 445
444 453
444 455
447 484
448 484
449 470
450 488
451 459
452 492
458 482
459 484
465 487
466 489
468 481
476 486
