500 1250
0 176
0 33
0 132
1 386
1 493
1 335
1 239
1 17
1 153
2 354
2 356
2 264
2 402
2 339
2 88
2 253
3 451
3 135
3 168
3 208
3 406
3 60
3 190
4 481
4 193
4 351
4 494
4 470
4 415
5 130
5 335
5 52
5 314
5 93
6 465
6 60
7 24
7 313
7 70
7 79
8 88
8 387
9 224
9 462
9 434
9 124
9 93
11 225
11 360
11 429
11 430
11 238
11 283
12 363
12 97
12 187
12 140
13 34
13 483
13 228
13 166
13 232
13 457
13 269
13 333
13 404
13 251
14 433
14 428
14 263
14 175
15 65
15 91
15 121
16 393
16 237
16 422
16 437
17 256
17 106
17 273
17 498
17 467
17 52
17 406
17 281
18 266
18 460
18 212
18 478
19 66
19 168
19 179
19 116
19 85
19 439
19 125
20 422
20 77
20 254
21 192
21 203
21 77
22 450
22 457
22 364
22 109
22 461
22 239
23 161
23 142
24 416
24 490
24 139
25 480
25 289
25 42
25 462
25 84
26 289
26 132
26 165
26 232
26 363
26 146
26 471
26 248
27 65
27 486
27 415
27 473
27 412
27 317
27 286
27 287
28 161
28 378
28 481
28 222
29 299
29 172
29 435
30 120
30 220
31 322
31 355
31 132
32 417
32 453
32 107
32 204
32 460
32 430
32 410
32 186
33 384
33 52
33 311
33 61
34 120
34 46
34 216
35 99
35 260
35 395
35 235
35 399
35 154
36 160
36 233
36 492
36 357
37 321
37 259
37 253
38 321
38 179
38 212
38 148
38 252
38 351
39 316
40 288
40 75
41 67
41 133
42 313
42 342
42 57
42 287
43 66
43 237
43 78
43 248
43 186
43 477
44 228
44 133
44 262
44 206
44 178
44 146
44 274
44 312
45 296
45 111
45 432
45 273
45 380
45 478
46 160
46 440
47 288
47 236
48 485
48 185
48 53
49 362
49 81
49 499
49 179
49 63
49 319
50 320
50 354
50 228
51 482
51 131
51 420
51 342
52 103
52 59
52 283
52 433
52 340
52 279
52 344
52 123
53 482
53 333
53 430
53 114
53 376
53 410
53 478
54 162
54 229
54 363
54 179
54 405
54 412
55 79
55 436
55 441
55 412
55 413
56 330
56 174
56 399
56 178
56 152
56 413
56 287
57 299
57 229
57 334
58 310
58 315
58 246
58 287
59 326
59 294
59 429
59 398
59 112
59 440
60 452
60 260
60 167
60 177
60 148
60 342
61 485
61 198
61 327
61 79
61 85
62 378
62 428
62 220
62 461
63 224
63 398
63 447
64 224
64 164
64 165
64 356
64 443
64 476
65 235
65 272
65 467
66 147
67 473
67 422
68 433
68 468
68 180
68 359
69 400
69 348
69 448
70 129
70 483
70 378
70 255
71 305
71 466
71 494
72 250
72 476
72 149
73 254
73 381
73 422
73 319
74 138
74 299
74 484
74 95
75 410
75 126
75 287
76 226
76 422
76 296
76 404
76 342
76 347
76 220
76 285
76 222
77 235
77 82
77 149
77 380
77 351
78 386
78 453
78 364
78 305
78 370
78 180
78 446
79 141
79 343
79 475
80 324
80 348
81 225
81 236
81 241
81 343
82 315
82 115
82 388
83 417
83 252
84 132
84 271
84 246
84 158
85 428
85 151
85 189
85 479
86 121
86 314
86 266
87 177
87 204
87 142
88 384
88 387
88 205
88 334
88 497
89 256
89 196
89 431
89 274
89 212
89 437
90 347
90 388
91 385
91 294
91 493
91 399
91 375
92 390
92 458
92 172
92 109
92 221
92 223
93 387
93 364
93 461
93 306
93 245
94 108
94 253
95 352
95 423
95 232
95 106
95 495
95 143
95 217
95 155
96 261
96 433
96 179
96 283
96 221
97 256
97 421
97 307
97 309
97 341
98 480
98 273
99 364
99 406
99 335
100 384
101 268
101 365
101 236
101 499
101 181
101 477
101 383
102 167
102 296
102 329
102 231
102 424
102 492
102 245
102 344
102 316
102 446
103 243
103 148
103 431
104 291
104 496
104 148
104 409
104 318
105 194
105 106
105 460
105 432
105 213
105 183
106 266
106 489
106 269
106 463
106 180
106 468
106 340
107 128
107 163
107 165
107 427
107 237
107 148
107 309
108 262
109 160
109 430
109 398
109 188
110 112
110 444
111 335
111 273
111 308
111 188
111 125
111 127
112 225
112 237
112 368
112 441
112 220
112 477
113 472
113 419
113 166
113 391
114 390
114 371
114 116
114 410
115 226
115 301
115 230
116 323
116 325
116 389
116 359
116 298
116 309
116 438
117 416
117 483
117 494
117 180
117 440
117 347
118 424
118 178
118 411
118 413
119 353
119 154
119 381
119 263
120 329
120 148
120 122
120 412
120 382
121 331
121 498
121 127
122 192
122 392
122 340
122 342
122 220
123 356
123 164
123 150
123 246
124 424
124 337
124 478
125 457
125 493
125 466
125 440
125 318
126 291
126 266
126 395
126 408
126 473
127 244
127 444
127 350
128 423
129 387
129 197
129 400
129 404
129 437
129 223
130 378
130 402
131 309
131 166
131 219
132 352
132 420
132 145
132 185
132 315
133 454
133 463
133 275
133 372
134 145
134 149
134 398
134 495
135 354
135 387
135 260
135 291
135 497
135 309
136 184
136 250
136 372
136 373
137 378
137 499
137 322
137 310
138 152
138 457
140 191
141 149
142 385
142 301
142 205
142 143
142 434
143 160
143 487
143 338
143 473
143 158
144 232
144 467
145 363
145 272
145 146
145 190
146 327
146 279
147 309
147 437
147 446
147 415
148 457
148 456
149 328
149 208
149 151
149 478
150 362
150 307
150 244
151 323
151 364
151 174
151 366
151 188
152 256
152 167
152 438
152 476
153 376
153 211
154 451
154 326
154 425
154 301
154 210
154 277
155 161
155 420
155 324
155 208
155 244
155 318
156 448
156 453
156 182
157 291
157 292
157 238
157 400
157 498
157 254
158 360
158 238
159 458
159 212
159 413
159 231
160 293
160 181
161 450
161 455
161 362
161 208
162 292
162 411
162 444
162 190
163 186
163 493
163 359
164 486
164 361
164 368
164 181
164 253
165 323
165 453
165 273
165 371
165 280
165 283
166 418
166 395
166 397
166 473
166 315
166 190
167 492
167 434
168 391
168 337
168 440
168 444
169 198
169 464
169 306
169 375
169 250
170 376
170 476
170 388
170 342
171 320
171 361
172 487
172 242
172 247
172 479
173 186
173 398
174 323
174 344
174 187
175 482
175 364
175 464
175 212
176 429
176 206
176 377
176 414
177 208
177 336
177 182
178 376
178 440
178 456
178 270
179 412
180 256
180 196
180 490
180 371
180 379
181 384
181 202
181 240
181 370
181 476
182 263
182 266
182 427
182 211
183 388
183 221
183 374
184 223
184 215
185 402
185 370
185 445
185 222
186 333
186 499
187 238
187 341
187 439
188 403
189 259
190 386
190 292
190 294
190 299
190 307
190 310
190 249
191 216
191 249
191 431
192 291
192 231
192 445
193 389
193 272
193 369
193 310
193 278
193 346
193 347
193 414
194 409
194 379
194 445
195 235
196 373
197 480
197 265
197 472
198 296
198 364
198 366
198 245
198 316
199 384
199 441
200 403
201 407
202 338
203 384
203 482
203 393
203 235
204 256
204 304
204 305
204 241
204 247
205 248
205 270
205 276
205 471
206 296
206 235
206 334
207 480
208 485
208 275
209 290
209 349
209 294
209 255
210 274
210 477
211 258
211 230
211 281
212 387
213 413
215 408
215 265
215 364
215 377
216 392
216 438
217 348
217 430
218 260
218 294
219 455
219 396
219 252
219 444
220 237
220 410
220 337
221 360
221 445
222 451
222 435
222 472
223 484
223 455
223 466
224 290
224 399
225 365
225 338
226 293
226 401
226 305
227 260
227 240
227 281
227 477
227 478
228 260
228 495
228 434
230 454
230 366
230 433
230 476
231 397
232 295
232 330
232 428
232 493
232 237
232 272
232 250
233 364
233 328
233 309
234 447
235 288
235 385
235 358
235 265
235 396
235 308
236 454
236 339
236 403
238 326
238 359
239 385
239 470
239 474
240 489
240 285
242 417
242 262
242 331
242 397
243 320
243 403
243 375
245 484
245 359
245 339
246 330
246 402
246 414
247 426
248 331
248 283
248 479
249 389
249 425
249 341
250 487
251 488
251 460
251 365
251 494
251 473
251 381
252 453
252 294
252 395
253 331
253 399
253 434
253 472
253 315
254 418
254 392
254 470
254 349
255 397
255 433
255 345
256 417
256 457
256 491
256 269
256 432
256 369
256 276
256 314
257 416
257 425
257 261
258 322
259 398
259 487
260 352
260 358
261 386
261 308
262 397
263 494
263 464
263 401
265 271
265 434
266 472
266 441
266 476
268 352
268 473
268 281
269 418
269 389
269 297
269 404
270 456
270 413
271 410
271 380
272 311
274 281
274 283
274 478
275 400
276 487
277 312
278 311
279 304
279 466
280 313
280 355
280 471
281 451
281 300
282 461
282 400
282 377
282 315
282 286
283 383
284 298
284 475
285 372
285 375
285 344
286 307
286 370
287 329
287 305
288 420
288 325
288 369
288 437
289 322
289 420
289 342
290 363
290 302
290 478
291 402
292 293
292 402
292 444
294 308
295 312
296 408
297 408
297 367
298 346
298 340
299 422
299 415
300 401
300 479
302 484
302 338
302 372
302 383
303 496
304 399
304 432
304 373
305 385
305 479
306 329
306 462
307 488
307 408
308 337
309 424
310 417
311 360
311 342
312 494
312 351
313 471
313 377
314 394
314 333
314 408
316 452
316 330
316 331
316 342
319 329
319 495
320 329
320 379
321 467
323 334
323 336
324 411
326 487
326 378
327 441
327 439
328 449
328 418
328 357
328 457
328 472
328 410
330 472
331 482
332 433
332 482
333 393
334 476
336 387
336 493
337 448
337 393
337 467
338 426
339 393
339 400
339 470
339 379
340 351
342 345
343 432
343 394
344 428
345 365
345 375
345 381
346 360
346 411
347 497
347 409
348 352
348 370
349 426
349 491
349 414
350 368
350 403
351 414
352 432
353 416
353 476
355 469
355 413
356 366
356 378
357 394
357 381
360 410
361 405
361 479
362 379
363 426
363 441
364 466
365 390
365 381
366 393
366 434
366 372
366 473
367 484
367 390
367 455
367 370
368 449
371 438
374 435
374 397
377 386
377 487
377 392
377 496
378 419
380 386
382 448
382 404
382 384
383 491
384 499
384 436
384 408
385 448
388 455
390 449
390 435
392 466
393 494
393 471
393 474
394 419
394 427
394 397
395 418
395 457
395 474
397 427
397 398
397 440
397 477
398 492
399 461
400 437
402 492
403 455
403 465
403 497
404 486
405 420
406 436
408 435
409 469
412 490
414 415
415 492
417 476
420 426
421 478
422 468
424 452
425 460
425 441
427 491
429 430
429 462
430 432
434 435
437 450
438 456
441 460
444 478
445 484
445 454
448 466
451 481
456 462
458 466
461 464
466 481
466 478
467 469
476 487
477 487
484 485
484 493
485 491
487 496
490 499
