3327 4552
0 1
0 2
0 3
0 4
0 5
0 6
0 7
0 8
0 9
0 10
0 11
1 287
1 751
1 752
3 820
3 953
3 1587
3 1588
3 1589
4 3221
5 96
5 784
5 930
5 931
5 1365
6 677
7 8
7 1075
8 230
8 770
8 992
8 1019
8 1196
8 1916
8 2355
8 2493
8 2494
9 1172
10 1172
10 2053
11 2473
11 2650
12 13
12 14
12 15
13 342
13 957
13 961
13 1087
13 1175
13 1617
13 1962
13 2281
13 2527
14 366
14 373
14 626
14 627
14 1003
14 1052
14 1054
14 1121
14 1171
14 1204
14 1723
14 1728
14 1838
14 1841
14 1937
14 2002
14 2989
14 3039
15 156
15 585
15 1459
15 2989
16 17
18 19
18 20
18 21
19 127
19 128
19 3049
20 3097
21 3097
22 23
24 25
25 3023
26 27
26 28
27 2356
27 2357
28 1059
28 2364
28 3090
29 30
29 31
29 32
29 33
29 984
29 2986
30 986
30 1679
31 32
31 986
32 782
32 986
33 39
33 190
33 246
33 610
33 656
33 986
33 1273
33 1679
34 35
34 36
34 37
34 341
34 1166
34 2160
35 36
35 37
35 341
35 1166
35 1284
37 341
37 1166
37 2160
38 39
38 40
38 41
38 42
39 195
39 246
39 318
39 339
39 426
39 647
39 649
39 837
39 883
39 888
39 1248
39 1679
39 1757
39 2702
40 41
40 195
40 407
40 1416
40 1563
41 407
41 1416
41 1563
42 407
42 1249
43 44
43 45
43 46
44 638
45 285
45 381
46 641
46 1827
47 48
48 2038
49 50
50 830
50 1204
50 1271
50 1929
50 2687
50 2880
51 52
51 53
52 53
52 510
53 510
54 55
55 371
55 2767
56 57
56 58
56 59
57 913
58 1828
58 1829
59 901
59 1001
59 1002
59 1231
59 1829
60 61
61 212
61 213
61 929
61 1765
61 1766
62 63
63 287
63 1197
63 2652
64 65
66 67
66 68
66 638
66 1008
66 1082
66 2359
66 2925
67 166
67 167
67 1179
68 351
68 373
68 948
68 1547
68 1841
68 3176
69 70
71 72
71 73
71 74
71 75
71 76
71 3128
72 74
72 1084
72 1379
72 1381
72 3128
73 74
73 76
73 1084
73 1379
73 1381
73 3128
74 76
74 1379
74 1381
75 1381
77 78
78 741
78 2788
79 80
79 81
79 252
79 2427
80 591
80 592
80 593
80 594
80 2340
81 591
81 592
81 593
81 594
81 2340
82 83
84 85
85 2029
85 2744
86 87
88 89
89 378
90 91
90 92
93 94
95 96
95 97
96 231
96 486
96 487
96 1073
96 1214
96 1302
96 1730
96 1863
96 2469
96 2472
96 3155
97 603
97 1302
98 99
98 100
98 101
99 467
99 468
99 2073
99 2223
99 3196
100 1260
101 400
101 1805
101 2412
102 103
104 105
104 1289
105 1289
105 3245
106 107
106 108
106 109
106 110
107 980
107 2521
107 3043
108 109
108 110
108 3236
111 112
113 114
113 115
113 116
113 117
113 118
113 119
114 119
114 2115
114 2149
115 121
115 792
115 982
115 1599
115 1600
115 2381
115 2936
115 3182
115 3185
116 403
116 1172
117 1861
118 1663
119 2905
119 3185
120 121
120 122
121 988
121 1602
121 1603
122 987
123 124
123 125
123 126
124 125
124 1116
124 1117
124 2401
124 2402
124 2403
125 126
129 130
130 224
131 132
133 134
133 135
133 136
133 2028
134 136
134 2028
135 157
136 157
136 197
136 1303
136 1548
137 138
139 140
139 141
140 141
140 305
140 553
140 3269
141 2457
141 3269
142 143
144 580
145 146
145 1532
147 148
147 149
147 150
147 151
147 152
147 153
147 154
148 150
148 154
148 201
148 430
148 507
148 508
149 150
149 154
149 201
149 430
149 507
149 508
150 201
150 430
150 2887
151 557
151 1364
152 153
152 197
152 219
152 557
152 2074
153 557
154 557
155 156
156 1459
156 2989
157 158
157 159
158 159
158 1978
159 379
159 380
159 1135
159 1978
160 161
161 546
161 999
161 1548
163 164
163 165
163 166
163 167
163 366
164 166
164 167
164 374
164 638
164 730
164 1817
164 2143
165 366
165 374
165 375
165 684
165 696
165 937
165 947
165 1078
165 2139
165 2351
166 374
166 412
166 436
166 638
166 640
166 1179
166 1817
166 1819
166 2143
167 374
167 638
168 169
170 171
170 172
170 173
170 174
170 175
171 610
171 611
171 2073
172 174
172 2073
172 2223
173 540
173 1062
173 2073
173 2778
174 540
174 875
174 905
174 1569
174 2073
175 2073
176 177
176 178
179 180
180 2774
181 182
181 183
181 184
181 185
181 186
181 187
181 188
181 189
182 1528
183 184
183 1353
183 1528
183 3161
184 1528
184 2256
184 2861
184 3161
185 748
185 773
185 1528
185 2736
185 2764
186 189
186 1528
186 3161
187 189
187 1528
188 621
188 790
188 1352
188 1353
188 1354
188 1528
188 2811
188 2812
188 3120
189 1528
189 2031
189 3043
190 191
190 192
190 193
190 194
190 195
190 196
191 194
191 196
191 581
191 1794
192 194
192 196
192 581
192 1794
193 827
194 1795
195 581
195 2192
197 198
197 199
197 200
197 201
198 557
200 379
200 1978
201 2468
201 3091
202 203
202 204
203 204
204 2892
205 206
205 3149
207 208
207 209
207 950
209 951
209 2224
211 212
211 213
211 2930
212 724
212 725
212 726
212 727
212 728
212 928
213 240
213 906
213 907
213 908
213 2509
214 215
214 216
214 217
215 299
215 1050
216 372
217 1508
217 1651
218 219
218 220
219 557
219 2768
220 607
220 3217
221 222
221 223
221 2850
222 223
222 2850
223 290
223 291
223 724
223 3267
225 226
225 227
225 228
226 314
227 314
228 314
229 230
231 2065
231 2066
232 233
234 235
236 237
236 238
236 239
236 1869
241 242
242 1842
242 1920
242 2060
242 2895
243 244
243 245
243 2018
244 2073
245 1214
247 248
247 249
247 3187
248 3187
249 532
249 537
250 251
250 2936
251 2220
251 2936
252 2427
253 254
254 1989
255 256
256 476
257 258
259 260
259 261
260 383
260 573
260 574
260 698
260 700
260 701
261 753
261 1617
261 1752
261 2069
261 2070
261 3186
261 3316
262 263
262 264
262 265
262 266
262 267
262 268
262 269
262 270
262 1617
262 2527
264 413
264 1268
264 1617
264 1643
266 1617
266 3325
267 347
267 385
267 566
267 957
267 1087
267 1962
267 2094
268 2210
269 579
269 839
269 1066
269 1265
269 1519
269 1617
269 1643
269 1752
269 1961
269 2527
269 2741
270 1617
271 272
271 3023
272 1063
274 275
274 276
274 277
274 1838
276 366
276 402
276 1757
276 2035
276 2651
276 2844
277 2035
278 279
278 280
279 541
279 542
280 492
280 593
280 2542
280 2543
280 2544
280 2973
281 282
281 283
281 284
281 285
281 286
281 287
282 368
282 1838
283 327
283 1657
284 1677
285 327
285 382
285 383
285 384
285 385
285 641
285 682
285 1031
285 1052
285 1054
285 2483
285 3098
286 761
286 1559
287 914
287 1714
287 1955
287 2086
288 289
288 1140
288 1462
290 291
292 293
293 1433
294 295
295 879
295 1119
295 2430
295 2801
295 2831
295 2868
296 297
296 298
296 299
296 300
296 301
296 681
296 1209
297 532
297 533
297 537
297 681
297 1046
297 1089
297 1209
297 1405
297 1549
297 1937
298 301
299 1046
299 1067
299 1089
299 1209
299 1210
299 1405
299 1549
299 2021
300 1175
301 681
301 1046
301 1089
301 1405
301 1549
302 303
302 304
302 1414
302 1415
304 1414
304 1415
304 2142
306 307
307 3204
308 309
308 3087
309 443
309 3087
310 311
312 313
312 2221
314 315
316 317
318 319
320 321
323 324
323 325
323 326
323 327
323 328
323 329
324 818
325 327
325 871
325 1918
325 2652
326 818
327 381
327 871
327 1918
327 2275
327 2652
330 331
330 332
330 333
331 332
331 1357
331 3125
332 2805
332 3125
333 716
333 3125
334 335
334 336
335 1526
336 1408
337 338
339 1679
340 341
340 1282
340 2332
341 1284
342 343
342 344
342 345
342 346
342 347
342 348
342 957
342 961
342 963
342 1087
342 1617
342 1962
342 2281
343 346
343 957
343 2281
344 598
344 955
344 957
344 961
344 963
344 1087
344 1088
344 1617
344 1962
344 2281
344 2284
344 2527
345 413
345 598
345 599
345 957
345 961
345 963
345 1087
345 1962
345 2281
345 2284
345 2527
346 955
346 957
346 961
346 963
346 1087
346 1175
346 1617
346 1769
346 1962
346 2094
346 2281
346 2284
346 2527
347 957
347 1088
348 413
348 599
348 957
348 961
348 963
348 1087
348 1962
348 2281
348 2527
349 350
350 1319
351 352
351 353
351 354
351 355
351 356
351 357
351 358
351 1838
351 1937
352 607
352 809
352 810
352 1841
352 2877
353 356
353 1841
354 366
354 372
354 373
354 947
354 1841
354 2349
355 373
355 947
355 1051
355 1198
355 1201
355 1841
356 718
356 719
356 1841
357 947
357 948
357 1841
357 2139
357 2351
358 373
358 948
358 1140
358 1145
358 1841
358 3024
359 360
359 844
360 377
360 842
360 947
360 1838
361 362
361 363
361 364
361 365
361 2809
362 363
363 364
363 365
363 2809
364 2277
365 2809
366 367
366 368
366 369
366 370
366 371
366 372
366 373
366 374
366 375
366 376
366 1838
367 370
367 938
367 1838
368 579
368 683
368 947
368 1026
368 1032
368 1052
368 1226
368 1227
368 1228
369 1003
369 2711
369 3039
370 1818
371 1838
372 2349
373 947
373 2126
373 2351
373 2352
374 2143
375 1204
376 707
377 842
377 844
377 1838
380 1978
381 382
381 383
381 384
381 385
382 1039
382 1055
382 1647
382 2436
383 572
383 574
383 682
383 1054
383 1078
383 1111
383 1809
383 1843
383 2747
384 682
384 1054
384 1078
384 1843
384 2747
385 412
385 560
385 667
385 840
385 955
385 1054
385 1076
385 1078
385 1087
385 1180
385 1482
385 1508
385 1617
385 1643
385 1644
385 1752
385 1826
385 1838
385 1962
385 2068
385 2124
385 2281
385 2525
385 2527
386 387
386 388
386 389
386 390
386 391
386 392
387 874
388 3156
389 391
389 3235
391 3235
392 861
393 394
395 396
395 397
395 398
395 1274
395 1282
395 2122
396 398
396 2122
398 1010
398 1108
398 1282
398 1285
398 2122
399 400
399 401
400 2719
401 1978
404 405
404 406
405 406
405 3075
406 1203
406 3075
407 408
407 409
407 410
407 411
407 1139
408 750
409 644
409 1234
409 1235
410 649
412 413
412 414
412 415
412 416
412 417
412 2527
413 560
413 1617
413 1643
413 2068
413 2490
413 2528
413 2601
414 667
414 1644
414 2527
415 795
415 1963
416 417
416 596
416 840
416 947
416 1617
416 1826
416 2068
416 2099
416 2491
417 1840
418 419
418 420
418 421
418 1258
419 2975
420 2975
421 2975
422 423
424 425
424 1566
425 1566
426 1679
427 428
427 429
427 2340
427 2344
429 3076
430 431
430 1238
431 557
431 1238
432 433
432 2745
433 2745
434 435
435 2050
435 2051
435 2052
436 437
436 438
436 439
436 440
436 441
436 442
436 638
437 442
437 640
438 640
438 825
438 1516
438 1617
439 640
439 2350
440 640
440 680
440 839
440 1482
440 1515
440 2527
441 640
441 1123
441 1126
441 1551
441 1553
441 1617
441 1752
442 638
442 640
442 1003
442 2159
442 3039
443 2075
443 2080
444 445
445 2006
445 2008
446 447
446 448
447 509
448 509
449 450
449 1883
450 1232
450 1883
450 2348
450 2918
450 3147
451 452
451 453
451 454
451 455
451 456
451 457
451 458
451 2415
451 2936
451 2959
452 464
452 889
452 897
452 1013
452 1701
452 2895
453 1013
454 1013
455 1013
455 1115
455 1687
456 1013
457 1013
457 2296
457 2297
457 2298
458 1013
458 2297
458 2298
458 2299
459 460
459 2750
460 2280
460 3124
461 462
461 1567
462 1365
463 464
463 465
464 884
464 885
464 890
464 1113
464 1251
464 1701
464 2895
465 2120
466 2180
467 3196
468 1757
468 1775
468 3196
469 470
471 472
471 473
471 474
471 475
471 476
471 477
471 478
471 479
471 480
474 2005
474 3000
476 2712
476 2713
480 3324
481 482
481 483
482 483
482 1717
482 2981
483 1493
483 2981
484 485
486 487
486 2470
488 489
489 621
490 491
490 492
491 2645
491 2973
492 2544
492 2645
492 2957
493 494
495 496
495 2073
495 3134
496 1780
496 1781
497 498
497 499
498 1524
498 2011
500 501
500 502
501 2702
502 922
502 1868
503 504
503 505
503 506
503 630
503 1493
506 1986
506 2270
506 2843
511 512
513 514
513 515
513 516
515 2587
515 2595
515 2597
516 2597
517 518
518 1074
518 3063
519 520
520 2097
521 522
521 523
522 1192
522 1194
522 1195
522 1782
522 3026
523 1192
523 1194
523 1195
523 1782
523 3026
524 525
525 1247
526 527
526 528
526 529
526 530
530 1003
530 3039
530 3169
531 532
531 533
531 534
531 535
531 536
531 537
531 538
531 1180
531 1333
531 1508
531 1514
531 1617
531 1752
531 1753
531 1961
531 3316
532 533
532 1508
532 1514
532 1617
532 1649
532 1752
532 1753
532 3280
532 3315
533 1076
533 1175
533 1521
533 1617
533 1650
533 1753
534 561
534 947
534 1265
534 1521
534 1751
534 1752
535 1175
535 1508
535 1617
536 1180
536 1333
536 1508
536 1514
536 1617
536 1643
536 1752
536 1753
536 1961
536 3315
536 3316
537 680
537 1175
537 1508
537 1514
537 1521
537 1617
537 1649
537 1682
537 1751
537 1752
537 1753
537 1902
537 2527
537 3280
537 3315
538 693
538 1333
538 1390
538 1514
538 1617
538 1641
538 1752
541 542
543 544
543 545
545 847
545 1802
545 2559
547 548
547 549
547 550
547 551
547 552
548 552
548 815
549 552
549 815
550 551
550 815
551 815
551 1994
552 815
552 1868
553 1506
553 1987
553 3269
554 555
554 556
554 928
554 1585
554 1937
555 1725
556 3294
557 558
557 559
558 1172
558 2338
559 3091
560 561
560 1617
560 1635
560 1752
560 2094
561 1184
561 1265
561 1266
561 1267
561 1508
561 1752
562 563
562 2300
563 677
563 2300
564 565
564 566
565 566
566 955
566 957
567 568
567 569
568 1574
570 571
572 573
572 574
572 575
572 1054
573 1111
574 1111
575 1054
575 1111
575 2114
576 577
576 2417
577 3209
577 3210
578 579
578 1532
579 907
579 1027
579 1038
579 1054
579 1617
579 1838
579 2836
579 3315
581 582
583 584
583 1479
583 1965
584 1453
584 1455
585 586
585 2071
585 2989
586 1054
586 2989
587 588
587 2105
588 2105
588 2107
588 2761
589 590
589 1745
589 2973
590 1740
591 2831
592 1096
593 983
593 1925
593 2340
594 805
594 836
594 1883
594 2212
594 2272
595 596
595 597
595 1003
595 1052
595 3039
595 3040
596 696
596 1038
596 1052
596 1175
598 599
598 961
598 963
598 964
598 1175
598 1961
598 2281
598 2284
599 1617
599 2096
599 2284
600 601
601 1354
601 2121
601 2861
601 3045
602 603
602 673
603 2065
603 2314
603 2469
603 2470
603 2471
603 2472
603 3258
604 605
605 783
605 785
605 981
605 1946
606 607
607 850
607 3000
607 3118
608 609
608 1595
609 1592
609 1593
609 1595
609 1596
610 611
610 1560
610 1757
610 1759
610 2072
610 2669
611 1757
611 2072
611 2669
612 613
612 1115
612 2413
613 1115
613 1917
613 2413
613 2417
613 2576
614 615
616 617
616 618
618 1746
618 3163
618 3203
618 3204
619 620
619 1086
619 3128
620 1086
620 1408
620 3128
622 623
624 625
624 2310
625 2005
625 2310
626 627
626 1937
627 1937
627 2002
627 2989
628 629
630 631
631 2443
632 633
632 634
635 636
635 637
636 2359
637 2966
638 639
638 640
638 641
639 680
639 1508
639 1617
640 736
641 677
641 684
641 697
641 824
641 958
641 1031
641 1827
642 643
644 645
644 646
644 647
644 648
647 652
647 654
647 1796
648 1636
648 1796
649 650
649 651
649 652
649 653
649 654
649 655
649 656
649 1713
650 652
650 1715
650 2105
651 653
652 1492
652 2105
656 883
656 888
657 658
657 659
657 3118
658 2505
659 2505
660 661
660 662
661 3019
662 3019
662 3020
662 3022
663 664
663 2417
664 1910
664 1917
665 666
665 1139
667 668
667 1617
667 1643
667 2527
668 1087
668 1481
668 1617
668 1643
668 1644
668 1962
668 2286
668 2287
668 2527
668 3315
669 670
669 671
669 672
670 1400
670 1729
671 1400
671 1729
672 1541
673 674
675 676
677 678
677 679
677 680
677 681
677 682
677 683
677 684
677 958
678 1031
678 2073
679 680
679 683
679 1026
679 1027
679 1078
679 1551
679 1838
679 1841
680 1076
680 1077
680 1078
680 1838
680 1841
682 922
682 1031
682 1040
682 1317
682 1318
682 1320
682 1843
682 2034
683 1838
684 1841
685 686
687 688
687 3315
689 690
689 691
689 692
690 2277
690 3033
690 3044
690 3045
691 775
691 891
691 1468
691 1469
691 3044
692 3044
692 3045
694 695
696 697
696 698
696 699
696 700
696 701
696 1052
696 1054
696 1841
697 1175
697 1514
697 1617
698 699
698 700
698 1078
698 1459
699 1078
699 1459
700 938
700 1078
700 1459
702 703
702 704
703 2672
703 2758
704 1432
704 1928
705 706
705 707
706 707
707 1106
707 2075
707 3165
708 709
708 710
708 2800
709 710
709 2800
710 2417
711 712
711 2393
711 2394
712 2393
712 2394
713 714
713 715
714 1003
714 3039
715 1003
715 1220
715 2501
715 3039
716 717
717 1590
718 719
720 721
720 1535
721 1535
722 723
724 1676
726 1640
728 2371
729 730
729 2143
730 2143
732 733
732 2587
733 2583
733 2587
733 2595
734 735
736 737
736 738
736 739
736 740
737 2816
738 740
739 740
741 1099
742 743
742 744
743 2264
745 746
745 747
748 749
748 2736
751 1042
751 1194
751 1233
751 2344
751 2859
751 2936
754 755
754 756
754 803
754 804
755 2388
755 2389
755 2647
756 2388
756 2646
756 2647
757 758
759 760
759 761
759 1559
760 1559
762 763
763 947
763 1841
764 765
764 766
764 3048
765 766
765 3039
766 1003
766 3039
766 3040
767 768
767 769
767 770
767 771
768 2174
769 2174
770 2174
771 2174
772 773
772 1793
773 2736
774 775
774 2564
775 891
775 3120
776 777
776 778
777 778
777 1397
777 3177
778 3177
778 3304
779 780
780 3244
781 782
782 1068
783 784
783 785
783 930
783 2921
784 931
784 981
784 2921
785 981
786 787
787 3316
788 789
788 790
788 2694
789 2697
790 1021
790 2697
790 3045
790 3047
790 3120
790 3208
791 792
792 1113
792 1600
792 1601
792 1610
793 794
794 1550
795 3316
796 797
797 1508
797 1617
797 1634
797 1752
798 799
798 800
801 802
801 1370
802 1370
802 1382
802 1410
803 804
805 806
806 2212
807 808
809 810
810 2868
810 3295
811 812
813 814
816 817
817 2213
820 821
821 1418
821 1706
821 1790
821 1999
821 2895
821 3092
822 823
823 2293
824 825
824 826
824 827
825 875
826 827
828 829
828 2456
829 2524
831 832
832 2058
832 2693
833 834
835 836
835 2340
835 2344
835 2859
836 2340
836 2344
836 2859
839 840
839 841
840 1124
840 1181
840 1510
840 1511
840 1512
840 2068
841 1067
841 1265
841 1617
841 1752
841 2527
842 843
842 844
843 1838
845 846
847 848
847 849
847 2563
848 1811
848 1812
848 2559
849 2317
849 2559
850 851
850 852
850 853
850 854
855 856
856 3050
857 858
857 934
857 2999
858 1027
858 3314
860 861
861 932
861 2454
862 863
862 864
862 865
862 866
863 2825
864 3140
864 3142
866 3140
867 868
868 1446
869 870
869 1016
870 1016
870 1378
870 1381
870 3128
871 872
871 873
871 1918
874 1658
876 877
876 878
876 1837
877 878
877 1837
878 1837
879 880
879 881
879 882
880 1119
881 887
881 1119
881 1145
881 3024
882 1119
883 1560
883 1653
883 1757
884 885
884 889
885 889
885 1807
887 2177
887 3024
888 2702
889 890
889 1113
889 1701
889 2895
890 1701
890 1706
891 892
891 1468
891 2262
893 894
893 2359
895 896
896 2366
897 1909
897 2632
898 899
898 1003
898 3039
900 901
900 902
900 1105
900 1376
900 1377
900 1715
900 2335
901 902
901 1103
901 1104
901 1105
901 1376
901 1377
901 1715
901 2335
902 1105
902 1377
902 1715
902 2335
903 904
905 1775
906 1723
906 2851
906 2882
907 2782
907 2836
908 933
908 1118
908 1951
909 910
909 1861
909 2204
909 2307
911 912
913 1315
913 2095
914 1492
915 916
915 1168
915 1731
917 918
917 1175
917 1179
917 1508
917 1617
917 1641
917 1651
917 1752
918 1182
918 1641
918 1651
919 920
919 921
919 1157
919 1470
919 1959
919 2933
920 2275
921 1705
921 2742
922 923
922 924
922 925
922 3129
924 1868
924 2702
925 1175
925 1843
925 1961
926 927
927 1982
927 3235
928 929
928 1937
930 931
930 2921
931 2921
932 2454
932 3052
932 3281
935 936
937 938
939 940
941 942
942 2962
942 2965
943 944
943 945
943 946
944 1204
944 1295
945 1204
945 1295
946 1204
946 1295
947 948
947 1838
948 1341
948 1546
948 1841
948 2089
948 2093
948 2139
950 951
950 952
950 953
950 954
951 953
951 1736
951 2769
951 3241
952 953
953 2851
954 1736
954 2769
955 956
955 957
955 958
955 959
955 960
955 961
955 962
955 963
955 964
956 1087
956 1315
956 1962
957 961
957 1048
957 1712
957 2094
959 1462
959 1466
959 1768
959 2281
960 1175
960 1617
960 1643
960 1961
961 963
961 964
961 1088
961 1961
961 2281
961 2527
962 3218
963 964
963 1088
963 1961
963 1962
963 2281
963 2284
963 2527
964 1087
964 1088
964 1617
964 1961
964 1962
964 2094
964 2281
964 2284
964 2527
965 966
966 2839
966 3246
968 969
968 1930
968 1933
968 1934
969 1930
969 1933
970 971
972 973
973 2959
974 975
975 1190
975 1191
975 2899
976 977
976 978
977 2407
978 2407
979 980
981 2921
982 2381
983 1084
983 1381
984 985
984 986
985 1030
985 1679
986 2986
987 988
988 2358
989 990
990 1428
991 992
992 1701
993 994
993 2338
994 2339
995 996
995 997
995 998
998 1113
998 2383
999 1000
1000 3177
1001 1002
1001 2275
1002 3174
1003 1004
1004 2625
1004 2626
1004 3039
1005 1006
1005 1007
1005 1577
1007 1577
1008 1009
1008 1532
1009 1591
1010 1274
1010 1279
1010 1282
1010 1285
1010 1286
1010 2122
1010 2123
1011 1012
1014 1015
1015 1729
1017 1018
1017 1019
1018 1391
1018 1941
1018 2413
1018 2785
1019 1115
1019 1356
1019 2413
1019 2630
1019 2653
1020 1021
1021 1469
1021 3120
1022 1023
1022 1024
1022 1025
1024 1673
1024 1674
1024 1675
1024 2499
1024 2696
1024 3095
1026 1638
1026 1838
1027 1054
1027 1154
1027 1175
1027 1508
1027 1515
1027 1617
1027 1646
1027 1722
1027 2034
1027 2089
1027 2462
1027 2463
1028 1029
1029 1491
1030 1679
1031 1032
1031 1033
1031 1034
1031 1035
1031 1036
1031 1037
1031 1038
1031 1039
1031 1040
1031 1041
1031 1120
1032 1838
1032 2035
1032 3315
1033 1120
1033 1313
1033 1314
1033 3196
1034 1443
1035 1037
1036 1037
1038 1208
1038 1838
1038 1839
1038 2114
1039 1054
1039 1647
1039 2436
1039 2747
1041 2340
1042 1043
1044 1045
1045 1672
1045 1905
1046 1047
1046 1048
1046 1049
1046 1050
1046 1051
1047 1050
1047 1089
1047 1405
1047 1549
1048 1126
1048 1549
1048 2969
1049 1050
1049 1175
1049 1210
1049 1549
1049 3315
1050 1210
1050 1549
1050 1754
1050 2431
1050 3315
1052 1053
1052 1054
1052 1055
1053 1054
1053 1809
1054 1055
1054 1317
1054 1318
1054 1809
1054 1810
1054 1843
1054 2090
1054 2093
1054 2756
1055 2093
1055 2747
1055 3164
1056 1057
1056 1058
1057 1058
1058 2810
1059 1060
1059 1061
1064 1065
1065 1871
1066 1067
1068 3041
1069 1070
1069 1071
1069 1072
1070 1072
1071 3008
1075 1880
1075 1883
1075 2272
1075 2340
1075 2348
1076 1123
1076 1124
1076 1125
1076 1126
1076 1127
1076 1838
1077 1089
1077 1405
1078 2090
1078 2092
1079 1080
1079 1081
1080 1081
1080 1342
1080 1742
1080 2545
1080 2973
1081 1742
1081 2929
1082 1083
1083 2334
1084 1085
1084 1086
1084 3128
1085 2340
1086 1381
1087 1088
1088 1962
1088 2281
1088 2778
1089 1090
1089 1091
1089 1092
1089 1093
1089 1094
1089 1095
1089 1838
1090 1405
1091 1094
1091 1095
1091 1405
1092 1093
1092 1405
1093 1405
1094 1095
1094 1405
1094 3315
1095 1405
1096 1097
1096 1098
1096 1099
1096 1100
1096 1101
1097 1099
1098 1498
1100 1101
1100 1388
1102 1103
1102 1104
1102 1105
1103 1377
1103 1715
1103 2335
1104 1484
1104 2275
1104 2305
1104 2958
1105 1160
1105 1376
1105 1716
1105 1829
1105 2958
1105 3133
1106 1107
1106 2079
1108 1274
1108 1282
1108 1285
1108 1286
1108 2122
1108 2123
1109 1110
1113 1707
1113 2895
1114 1115
1115 1675
1115 1690
1115 1705
1115 1908
1115 1910
1115 1917
1115 2296
1115 2306
1115 2307
1115 2308
1115 2309
1116 1117
1118 1119
1119 2541
1119 2606
1121 1122
1121 1723
1122 1727
1123 1126
1123 1551
1123 1553
1123 1617
1123 1752
1124 1175
1124 1227
1125 2572
1126 1175
1126 1551
1126 1553
1126 1617
1126 1752
1127 1617
1127 1636
1127 1641
1127 1649
1127 2528
1127 3153
1128 1129
1128 1130
1128 1131
1128 1132
1129 1130
1130 1131
1130 1132
1130 1310
1132 2518
1133 1134
1134 1373
1135 1136
1137 1138
1137 3173
1140 1141
1140 1142
1140 1143
1140 1144
1140 1145
1140 1146
1140 1462
1140 1962
1142 1481
1145 1462
1145 3008
1147 1148
1147 2066
1148 2066
1148 2067
1149 1150
1149 1151
1149 2746
1152 1153
1152 1154
1154 3027
1154 3314
1155 1156
1157 1158
1157 1159
1157 1401
1157 2933
1158 1401
1159 1772
1160 2275
1161 1162
1161 1163
1161 1164
1161 1165
1164 1711
1166 1167
1166 1274
1168 1169
1168 1170
1169 1731
1170 1731
1170 3068
1172 1173
1172 1174
1175 1176
1175 1177
1175 1178
1175 1179
1175 1180
1175 1181
1175 1182
1175 1183
1175 1184
1175 1185
1175 1186
1175 1187
1176 1588
1177 1617
1178 1617
1178 2210
1179 1508
1179 1617
1179 1840
1180 1508
1180 1617
1180 1752
1181 1517
1182 1651
1183 1514
1183 1617
1183 1651
1183 2552
1183 2553
1183 2556
1184 1266
1184 1508
1184 1521
1184 1617
1184 1649
1184 1753
1184 1902
1184 2527
1185 2363
1186 1187
1186 1510
1186 1511
1186 1512
1186 1514
1186 1523
1187 1623
1187 1637
1188 1189
1189 1617
1189 1708
1190 1191
1191 2486
1192 1193
1192 1194
1192 1195
1192 1196
1194 1195
1195 1659
1195 2365
1196 1531
1196 2417
1196 3158
1198 1199
1198 1200
1198 1201
1198 1202
1198 1838
1200 1201
1202 1265
1204 1205
1204 1206
1204 1207
1204 1208
1205 1858
1205 2104
1205 2661
1206 1782
1208 1436
1208 2114
1209 1210
1209 1782
1210 1549
1211 1212
1211 1213
1211 1214
1211 1215
1211 1216
1211 1217
1214 1868
1218 1219
1220 1221
1220 1222
1223 1224
1223 1225
1223 1399
1224 1399
1226 1453
1226 1456
1226 1838
1227 1617
1227 1753
1227 1838
1227 1839
1228 1551
1228 1554
1228 1838
1228 1981
1228 3059
1229 1230
1232 1233
1233 3147
1236 1237
1237 1956
1237 2681
1239 1240
1241 1242
1243 1244
1243 2356
1245 1246
1246 1558
1246 2629
1249 1250
1250 2671
1252 1253
1253 2982
1253 2983
1254 1255
1254 2912
1256 1257
1258 1259
1261 1262
1263 1264
1265 1508
1265 1515
1265 1521
1265 1551
1265 2527
1266 1267
1266 1508
1266 1521
1266 1617
1266 1649
1266 1752
1266 1753
1266 1902
1267 1508
1267 1521
1267 1649
1267 1753
1268 2068
1268 2490
1269 1270
1270 1991
1272 1273
1274 1275
1274 1276
1274 1277
1274 1278
1274 1279
1274 1280
1274 1281
1274 1282
1274 1283
1274 1284
1274 1285
1274 1286
1274 1287
1274 1288
1274 1289
1274 1290
1274 1291
1276 1282
1279 1282
1279 2122
1279 2332
1280 1282
1281 1294
1282 1283
1282 1285
1282 1286
1282 2122
1282 2123
1282 2160
1282 2161
1282 2332
1283 2122
1283 2332
1284 2333
1285 1286
1285 2122
1285 2123
1286 2122
1286 2123
1287 2618
1291 2160
1291 2161
1291 3256
1291 3257
1292 1293
1292 2169
1293 3037
1293 3038
1294 1723
1295 1723
1295 1725
1295 1727
1296 1297
1296 1723
1296 1725
1296 1727
1296 2169
1296 2971
1297 2367
1298 1299
1300 1301
1303 1304
1303 2028
1305 1306
1305 1307
1306 1347
1306 1740
1306 2151
1306 2664
1306 2998
1307 2151
1307 2998
1308 1309
1308 2219
1309 1513
1311 1312
1312 1390
1313 1314
1315 1316
1315 1317
1315 1318
1315 1319
1315 1320
1316 1569
1316 3196
1317 1320
1321 1322
1322 1323
1322 1324
1323 1381
1323 2340
1323 2935
1324 1381
1324 2340
1325 1326
1325 1930
1325 2703
1326 2703
1327 1328
1327 1687
1328 1472
1328 1687
1329 1330
1329 1331
1329 1332
1329 2975
1333 1617
1334 1335
1337 1338
1339 1340
1339 2800
1340 1536
1340 2017
1340 2261
1340 2598
1342 1343
1342 1344
1342 1345
1342 1346
1342 2545
1343 2974
1344 1346
1344 1876
1344 2973
1345 1486
1345 2458
1345 2459
1346 1876
1346 2293
1346 2973
1347 1348
1347 1349
1349 2151
1349 2998
1350 1351
1352 1353
1352 1354
1352 1355
1352 3120
1353 1695
1353 3120
1354 1816
1354 3120
1355 3042
1355 3118
1356 2631
1356 2649
1356 2650
1358 1359
1358 1360
1358 2464
1361 1362
1362 1943
1362 2377
1362 2378
1362 2379
1363 1364
1364 1429
1365 1366
1365 1367
1365 1368
1366 2934
1369 1370
1370 1410
1370 2696
1370 2903
1371 1372
1374 1375
1376 1377
1376 1715
1376 2335
1377 1716
1377 2250
1378 1381
1378 1383
1379 1380
1379 1381
1379 1382
1379 1383
1379 3128
1381 1383
1381 1684
1381 2340
1381 2416
1381 2420
1381 2421
1381 2422
1381 2423
1381 2424
1381 2425
1381 3128
1382 1526
1384 1385
1384 2413
1385 1701
1386 1387
1388 1389
1390 1651
1390 1752
1392 1393
1392 1394
1393 1395
1394 1793
1394 3051
1397 1398
1402 1403
1402 1404
1402 2152
1402 2156
1403 2152
1403 2154
1403 2156
1404 2156
1405 1838
1406 1407
1408 1409
1408 1410
1409 2185
1410 2694
1411 1412
1411 1413
1414 1415
1417 1418
1417 1419
1420 1421
1422 1423
1422 1424
1422 1425
1422 1426
1426 1427
1427 1989
1430 1431
1434 1435
1437 1438
1439 1440
1439 1441
1440 2243
1440 2244
1441 3182
1442 1443
1444 1445
1447 1448
1448 2280
1448 2622
1448 2750
1448 3124
1448 3130
1449 1450
1449 1772
1450 2275
1451 1452
1453 1454
1453 1455
1455 1457
1455 2370
1455 3082
1456 1457
1458 1459
1459 2092
1459 2989
1460 1461
1462 1463
1462 1464
1462 1465
1462 1466
1462 1467
1462 1962
1466 1480
1466 1962
1467 2492
1468 1861
1469 3045
1469 3047
1470 1471
1470 1472
1470 2340
1470 2934
1471 1557
1471 2305
1472 3291
1473 1474
1473 1475
1473 1476
1473 1493
1474 1493
1475 1493
1475 1701
1476 1477
1476 1493
1477 1493
1478 1479
1478 3124
1479 1965
1479 3124
1481 1482
1481 1483
1482 1643
1482 1961
1482 2068
1482 2125
1482 2126
1483 1643
1483 1961
1483 2126
1483 2527
1484 1557
1484 2305
1484 2934
1484 2958
1485 1486
1485 2750
1486 2868
1487 1488
1489 1490
1491 1492
1491 1493
1492 1493
1493 1494
1493 1495
1494 1495
1494 1496
1494 2781
1495 1496
1496 1497
1498 1499
1500 1502
1504 1505
1504 1707
1504 2895
1507 1617
1507 2740
1508 1509
1508 1510
1508 1511
1508 1512
1508 1513
1508 1514
1508 1515
1508 1516
1508 1517
1508 1518
1508 1519
1508 1520
1508 1521
1508 1522
1508 1523
1508 1752
1509 1617
1509 2124
1510 1514
1510 1617
1510 1752
1511 1514
1511 1617
1511 1752
1512 1514
1512 1617
1512 1752
1513 1651
1513 1752
1513 3315
1514 1517
1514 1520
1514 1523
1514 1617
1514 1645
1514 1656
1514 1752
1515 1517
1515 1617
1515 1752
1515 1755
1516 1617
1516 1983
1517 1617
1517 1752
1518 1617
1519 1617
1519 1643
1519 1651
1519 1960
1519 2527
1520 1617
1520 1641
1520 1649
1520 1650
1520 2364
1521 1522
1521 1902
1522 1617
1522 1753
1523 1752
1524 1525
1525 2011
1526 1527
1529 1530
1530 2863
1531 1859
1532 1533
1532 1534
1536 1537
1537 2736
1538 1539
1540 1541
1540 1542
1542 1543
1542 1544
1542 1545
1544 1988
1546 1547
1551 1552
1551 1553
1551 1554
1552 1809
1553 2730
1554 3059
1555 1556
1558 3086
1559 1560
1560 1761
1560 2669
1561 1562
1562 2682
1562 2857
1563 1757
1563 1775
1563 2192
1564 1565
1566 1567
1566 1568
1567 1767
1567 2127
1567 2128
1568 2755
1568 3053
1568 3054
1570 1571
1570 1572
1570 1573
1571 1774
1572 1903
1573 2217
1573 2218
1575 1576
1578 1579
1580 1581
1581 1582
1583 1584
1585 1586
1587 2224
1588 3221
1588 3267
1589 2834
1591 2005
1591 2656
1592 1593
1592 1594
1593 1596
1594 1596
1597 1598
1599 1600
1600 1601
1600 3182
1601 2285
1601 2381
1601 2830
1601 3182
1602 1746
1604 1605
1606 1607
1606 1608
1606 1609
1608 1610
1608 1861
1608 2800
1609 2467
1610 1611
1610 1612
1610 1613
1610 1614
1610 1615
1610 1616
1610 2716
1611 1616
1612 2716
1613 2742
1615 2703
1615 3193
1617 1618
1617 1619
1617 1620
1617 1621
1617 1622
1617 1623
1617 1624
1617 1625
1617 1626
1617 1627
1617 1628
1617 1629
1617 1630
1617 1631
1617 1632
1617 1633
1617 1634
1617 1635
1617 1636
1617 1637
1617 1638
1617 1639
1617 1640
1617 1641
1617 1642
1617 1643
1617 1644
1617 1645
1617 1646
1617 1647
1617 1648
1617 1649
1617 1650
1617 1651
1617 1652
1617 1653
1617 1654
1617 1655
1618 1961
1618 3314
1618 3315
1619 1756
1621 1642
1622 2527
1623 1637
1624 2210
1625 2527
1626 2527
1627 2148
1628 1752
1628 3249
1629 2476
1631 2476
1632 2476
1634 1651
1634 1656
1635 1752
1636 1797
1636 1798
1636 1799
1637 1643
1638 1943
1639 3086
1641 1650
1641 1698
1641 2245
1641 2246
1641 2247
1643 1644
1643 1902
1643 2068
1643 2124
1643 2125
1643 2126
1643 2526
1644 2527
1645 1752
1646 1751
1646 3234
1647 2436
1647 3266
1648 1782
1650 1798
1651 2552
1651 2835
1652 1678
1653 1757
1653 1761
1654 2527
1657 1772
1660 1661
1660 1662
1664 1665
1667 1668
1669 1670
1671 1672
1671 1673
1671 1674
1671 2499
1671 3128
1672 1674
1673 1674
1673 1675
1673 1676
1673 2499
1674 2499
1674 3095
1677 2651
1679 1680
1679 1681
1683 1684
1683 2936
1684 2936
1685 1686
1686 2748
1687 1688
1687 1689
1687 1690
1687 1691
1687 1692
1689 1944
1690 2413
1691 1908
1691 2413
1692 2110
1693 1694
1696 1697
1698 1699
1698 1700
1699 1700
1701 1702
1701 1703
1701 1704
1701 1705
1702 1842
1702 1919
1704 1996
1704 2895
1705 2413
1705 2840
1706 2895
1709 1710
1712 2792
1715 1716
1715 1717
1715 2275
1716 2335
1718 1719
1720 1721
1722 3072
1723 1724
1723 1725
1723 1726
1723 1727
1724 1727
1725 1727
1726 1884
1726 1890
1730 3155
1731 1732
1731 1733
1734 1735
1734 2782
1735 2782
1736 2769
1737 1738
1738 1739
1740 1741
1742 2929
1743 1744
1745 2974
1746 1939
1746 1940
1746 1941
1746 1942
1746 2936
1746 3203
1748 1749
1748 1750
1752 1753
1752 1754
1752 1755
1753 1902
1754 2527
1757 1758
1757 1759
1757 1760
1757 1761
1758 1794
1758 1795
1759 1795
1760 1775
1760 2670
1762 1763
1762 1764
1762 2482
1770 1771
1772 1773
1775 1776
1775 1777
1775 1778
1775 2192
1776 2012
1777 2192
1778 3137
1779 1780
1779 1781
1779 3318
1780 3318
1780 3321
1781 3317
1781 3318
1781 3321
1782 1783
1782 1784
1782 1785
1782 1786
1782 1787
1783 1785
1783 2730
1785 2730
1788 1789
1791 1792
1793 1948
1794 1795
1801 1802
1803 1804
1804 2469
1804 3258
1806 1807
1807 1939
1808 1809
1808 1810
1811 2708
1812 1813
1814 1815
1817 1818
1817 1819
1819 2132
1819 2143
1819 2537
1821 1822
1821 1823
1824 1825
1828 2810
1830 1831
1830 1832
1831 2831
1834 1835
1838 1839
1838 1840
1838 1841
1840 2098
1840 2099
1840 2449
1841 2139
1841 2351
1842 2895
1843 1844
1845 1846
1845 1847
1845 1848
1847 1848
1849 1850
1850 2628
1851 1852
1852 1853
1854 1855
1854 2404
1854 2987
1854 2989
1855 2071
1855 2989
1856 1857
1859 1860
1859 1861
1859 1862
1861 2505
1861 2704
1861 2705
1861 2706
1861 2707
1861 2863
1862 3215
1862 3216
1864 1865
1866 1867
1869 1870
1871 1872
1871 1873
1872 2719
1873 3018
1874 1875
1875 2105
1876 2973
1877 1878
1877 1879
1878 2936
1880 1881
1880 1882
1880 1883
1881 1883
1881 2348
1882 1883
1882 2271
1883 1884
1883 1885
1883 1886
1883 1887
1883 1888
1883 1889
1883 1890
1883 1891
1883 1892
1884 2427
1884 2919
1890 1892
1890 2428
1891 2272
1891 2274
1892 2272
1893 1894
1894 2808
1895 1896
1896 2850
1897 1898
1897 1899
1897 1900
1901 1902
1902 2730
1904 1905
1905 2362
1905 3281
1906 1907
1908 1909
1909 1917
1910 1911
1910 1912
1910 1913
1910 1914
1910 1915
1910 1916
1910 1917
1910 2413
1910 2417
1913 2632
1914 2413
1915 2440
1916 1917
1916 2309
1916 2400
1916 2417
1916 2576
1916 2800
1917 2307
1917 2413
1917 2632
1917 2897
1917 3288
1917 3289
1919 2204
1921 1922
1923 1924
1926 1927
1930 1931
1930 1932
1930 1933
1930 1934
1931 2703
1932 1934
1935 1936
1937 1938
1940 2936
1940 3203
1940 3204
1942 2936
1944 1945
1944 2934
1944 2936
1946 1947
1949 1950
1950 3222
1951 1952
1952 2242
1953 1954
1956 2914
1957 1958
1959 2936
1960 1961
1961 1962
1961 2068
1961 2124
1961 2126
1961 2281
1961 2282
1961 2283
1961 2284
1963 1964
1963 3316
1964 2628
1964 2711
1964 3315
1964 3316
1965 1966
1967 1968
1969 1970
1971 1972
1971 1973
1972 1973
1972 2211
1974 1975
1976 1977
1976 3315
1978 1979
1978 1980
1982 3281
1984 1985
1986 2140
1992 1993
1996 2654
1997 1998
1998 2974
1999 2000
1999 2001
2000 2062
2000 2344
2003 2004
2006 2007
2006 2008
2007 2008
2009 2010
2013 2014
2013 2262
2015 2016
2015 2017
2016 2640
2017 2261
2019 2020
2021 2022
2023 2024
2023 2025
2024 2192
2026 2027
2026 2028
2030 2031
2032 2033
2033 2868
2035 2036
2035 2037
2037 2652
2039 2040
2040 3259
2040 3260
2040 3261
2041 2042
2042 2887
2043 2044
2045 2607
2046 2047
2048 2049
2049 2088
2050 2051
2050 2052
2051 2262
2052 2460
2052 2461
2054 2055
2056 2057
2057 2233
2058 2059
2058 2277
2060 2061
2060 2062
2060 2936
2063 2064
2068 2126
2069 2070
2074 3091
2075 2076
2075 2077
2075 2078
2075 2079
2075 2080
2076 2079
2078 2079
2079 2081
2080 2580
2080 3007
2082 2083
2084 2085
2085 2239
2086 2335
2087 2088
2088 2222
2089 2090
2089 2091
2089 2092
2089 2093
2090 3072
2090 3074
2091 3135
2094 2095
2094 2096
2098 2449
2100 2101
2102 2103
2105 2106
2105 2107
2108 2109
2110 2111
2110 2112
2110 2113
2113 2936
2113 2979
2114 2756
2116 2117
2117 2692
2118 2119
2122 2123
2124 2125
2125 2506
2129 2130
2129 2131
2133 2134
2133 2135
2133 2694
2134 3136
2135 2272
2136 2137
2136 2138
2137 2689
2140 2141
2144 2145
2146 2147
2149 2272
2149 2936
2151 2973
2152 2153
2152 2154
2152 2155
2153 2154
2157 2158
2160 2161
2162 2163
2163 2340
2163 2344
2163 2841
2164 2165
2166 2167
2166 2168
2167 2476
2170 2171
2170 2172
2170 2173
2172 2648
2173 2750
2175 2176
2175 2177
2178 2179
2181 2182
2183 2184
2186 2187
2186 2188
2186 2832
2188 2832
2189 2190
2189 2191
2189 2936
2189 3128
2190 2936
2191 2936
2192 2223
2193 2194
2195 2196
2195 2197
2195 2198
2196 2197
2199 2200
2202 2203
2205 2206
2205 2207
2205 2208
2206 2209
2214 2215
2214 2216
2220 2933
2220 2935
2225 2226
2227 2228
2229 2230
2231 2232
2234 2235
2236 2237
2238 2519
2240 2241
2243 2244
2248 2249
2251 2252
2251 2253
2254 2255
2255 3118
2256 2612
2257 2258
2259 2260
2261 2262
2262 2263
2263 3045
2264 2265
2264 2266
2264 2267
2264 2268
2264 2269
2266 2269
2271 2274
2271 2348
2272 2273
2275 2276
2276 3181
2278 2279
2281 2284
2281 2527
2282 2673
2283 3188
2287 3315
2287 3316
2288 2289
2290 2291
2290 2292
2294 2295
2296 2297
2297 2298
2301 2302
2303 2304
2305 2958
2306 2417
2307 2413
2307 2417
2307 2934
2307 2936
2307 3290
2309 2417
2310 2311
2310 2312
2312 2313
2312 2325
2313 2766
2315 2316
2316 3151
2316 3152
2317 2318
2317 2319
2320 2321
2320 2322
2320 3236
2323 2324
2323 2325
2325 2326
2327 2328
2329 2330
2329 2331
2332 3013
2332 3014
2336 2337
2336 2395
2338 2339
2338 2340
2340 2341
2340 2342
2340 2343
2340 2344
2340 2345
2340 2346
2340 2347
2340 2427
2342 2344
2342 2841
2343 2344
2343 2841
2344 2494
2344 2858
2344 2859
2344 2860
2344 2934
2344 2936
2345 3077
2347 2544
2347 2957
2347 3290
2352 2877
2353 2354
2353 2355
2354 2355
2356 2357
2357 2364
2360 2361
2362 2363
2364 3090
2368 2369
2368 2451
2372 2373
2374 2375
2374 2376
2375 3148
2376 3148
2377 2378
2378 2379
2378 2960
2379 2380
2381 2382
2381 2383
2381 3182
2382 2383
2384 2385
2386 2387
2388 2389
2390 2391
2390 2392
2391 2500
2391 2906
2391 2907
2391 2908
2392 2906
2392 2907
2394 2395
2394 2396
2394 2397
2395 2396
2397 3268
2398 2399
2398 2400
2399 2632
2400 2427
2405 2406
2408 2409
2408 3197
2411 2412
2412 2842
2412 2887
2413 2414
2413 2415
2413 2416
2413 2417
2415 2417
2415 2418
2416 2426
2416 2603
2416 2978
2416 3193
2417 2418
2417 3209
2417 3226
2417 3293
2418 2800
2420 2465
2420 2466
2422 2920
2423 2920
2424 2425
2424 2967
2427 2428
2427 2429
2428 2918
2429 2781
2432 2433
2432 2434
2434 2435
2437 2438
2437 2439
2438 2439
2441 2442
2444 2445
2446 2447
2446 2448
2449 2450
2450 2784
2451 2453
2452 2453
2454 2455
2458 2459
2467 2642
2467 2643
2467 2644
2469 2470
2469 2471
2469 2472
2470 2471
2470 2472
2470 2473
2474 2475
2477 2478
2480 2481
2484 2485
2484 2509
2485 2509
2486 2487
2488 2489
2494 2936
2495 2496
2495 2922
2496 2922
2497 2498
2503 2504
2506 2507
2506 2508
2509 2510
2509 2511
2509 2512
2512 2514
2514 2517
2515 2516
2520 2521
2521 2522
2521 2831
2522 2523
2523 2611
2527 2528
2529 2530
2530 2701
2531 2532
2533 2534
2533 2535
2533 2536
2534 2769
2536 2769
2538 2539
2538 2540
2544 2957
2546 2547
2546 2548
2546 2549
2547 2548
2550 2551
2551 3207
2552 2556
2554 2555
2557 2558
2558 3062
2560 2561
2560 2562
2564 2565
2565 3277
2566 2567
2568 2569
2570 2571
2574 2575
2576 2936
2577 2578
2579 2580
2581 2582
2583 2587
2584 2585
2584 2586
2585 2586
2587 2588
2587 2589
2587 2590
2587 2591
2587 2592
2587 2593
2587 2594
2588 2594
2595 2596
2598 2599
2598 2600
2599 3099
2600 3099
2604 2605
2608 2609
2610 2611
2610 3033
2611 2827
2611 3117
2611 3118
2612 2613
2612 2614
2612 2615
2616 2617
2620 2621
2623 2624
2625 2626
2630 2631
2630 2650
2630 2936
2631 2650
2631 2936
2631 3206
2633 2634
2634 2635
2634 2636
2637 2638
2637 2639
2639 2988
2641 2642
2641 2643
2641 2644
2642 2643
2646 2647
2649 2650
2651 2652
2653 2936
2654 2655
2657 2658
2662 2663
2663 2855
2663 2906
2663 2907
2663 2908
2664 2665
2664 2666
2666 2974
2667 2668
2669 2670
2669 2671
2672 2673
2672 2674
2675 2676
2675 2677
2675 2678
2675 2679
2675 2680
2680 3180
2681 2868
2683 2684
2685 2686
2690 2691
2694 2695
2694 2696
2694 2697
2698 2699
2698 2700
2707 3031
2707 3032
2709 2710
2714 2715
2717 2718
2719 2720
2719 2721
2722 2723
2724 2725
2725 2726
2726 2727
2726 2729
2727 2728
2729 2936
2730 2731
2730 2732
2730 2733
2733 2911
2734 2735
2735 2737
2735 2882
2737 2883
2738 2739
2739 3227
2742 2743
2742 2895
2743 2895
2744 3017
2748 2749
2750 2751
2750 2752
2753 2754
2756 2757
2757 3234
2759 2760
2760 3190
2762 2763
2764 2765
2769 2770
2769 2771
2772 2773
2772 3196
2774 2775
2776 2777
2779 2780
2782 2783
2786 2787
2788 2789
2788 2790
2788 2791
2793 2794
2793 2795
2793 2796
2793 2797
2793 2798
2794 2797
2796 2797
2797 2799
2800 2936
2801 2802
2803 2804
2806 2807
2806 2886
2807 3161
2810 2811
2810 2812
2811 2812
2811 3118
2811 3120
2812 3118
2812 3120
2813 2814
2813 2815
2816 2817
2818 2819
2820 2821
2820 2822
2821 2822
2823 2824
2825 2826
2827 2828
2827 2829
2828 2829
2829 2915
2832 2833
2837 2838
2839 2840
2840 3185
2844 2845
2846 2847
2846 2849
2847 2849
2848 2849
2850 2851
2852 2853
2853 3273
2859 2934
2859 2936
2861 2862
2861 2863
2863 2970
2863 3120
2864 2865
2866 2867
2868 2869
2868 2870
2868 2871
2868 2872
2868 2873
2868 2874
2868 2875
2868 2876
2868 2877
2868 2878
2868 2879
2868 2926
2869 3183
2870 3118
2878 2879
2879 3118
2879 3157
2879 3326
2882 2883
2883 2884
2883 2885
2888 2889
2888 2890
2888 2891
2889 2890
2889 2891
2893 2894
2894 3118
2895 2896
2895 2897
2895 2898
2897 2936
2899 3161
2900 2901
2901 2902
2903 2904
2906 2907
2906 2908
2907 2908
2908 3069
2909 2910
2910 3084
2912 2913
2914 2915
2916 2917
2922 2923
2922 2924
2927 2928
2931 2932
2931 3225
2933 2934
2933 2935
2934 2955
2934 2956
2934 2958
2936 2937
2936 2938
2936 2939
2936 2940
2936 2941
2936 2942
2936 2943
2936 2944
2936 2945
2936 2946
2936 2947
2936 2948
2936 2949
2936 2950
2936 2951
2936 2952
2936 2953
2936 2954
2936 2955
2936 2956
2936 2957
2942 2954
2953 3113
2960 2961
2962 2963
2962 2964
2963 2965
2968 2969
2970 3118
2971 2972
2973 2974
2975 2976
2979 2980
2979 2995
2984 2985
2987 2989
2987 3000
2987 3003
2990 2991
2990 2992
2990 2993
2990 2994
2991 2994
2991 3067
2993 2994
2993 3067
2995 2996
2995 2997
2995 2998
3000 3001
3000 3002
3000 3003
3004 3005
3004 3006
3009 3010
3011 3012
3015 3016
3019 3020
3019 3021
3019 3022
3019 3023
3020 3022
3027 3028
3029 3030
3031 3032
3034 3035
3036 3037
3037 3038
3039 3040
3045 3046
3045 3047
3045 3120
3046 3047
3051 3132
3053 3054
3055 3056
3055 3057
3055 3058
3055 3292
3056 3292
3057 3058
3057 3292
3058 3292
3060 3061
3064 3065
3064 3066
3070 3071
3072 3073
3073 3154
3076 3077
3078 3079
3080 3081
3082 3124
3083 3084
3088 3089
3093 3094
3095 3096
3100 3101
3102 3103
3102 3104
3103 3104
3104 3105
3106 3107
3106 3108
3109 3110
3111 3112
3112 3251
3112 3252
3114 3115
3114 3116
3115 3321
3117 3118
3118 3119
3118 3120
3122 3123
3125 3126
3126 3127
3130 3131
3130 3277
3131 3132
3138 3139
3140 3141
3143 3144
3145 3146
3159 3160
3161 3162
3166 3167
3167 3168
3170 3171
3171 3172
3171 3175
3178 3179
3183 3184
3189 3190
3191 3192
3194 3195
3197 3198
3197 3199
3197 3200
3200 3272
3201 3202
3203 3204
3203 3205
3211 3212
3213 3214
3219 3220
3223 3224
3228 3229
3228 3230
3229 3230
3231 3232
3231 3233
3236 3237
3236 3238
3239 3240
3241 3242
3242 3243
3247 3248
3247 3249
3248 3249
3248 3250
3252 3253
3254 3255
3262 3263
3264 3265
3266 3267
3270 3271
3273 3274
3275 3276
3278 3279
3281 3282
3281 3283
3284 3285
3286 3287
3290 3299
3297 3298
3300 3301
3302 3303
3305 3306
3307 3308
3307 3309
3310 3311
3312 3313
3317 3321
3319 3320
3322 3323
