225
0 4000 4000 
1 4000 4500 
2 4000 5000 
3 4000 5500 
4 4000 6000 
5 4000 6500 
6 4000 7000 
7 4000 7500 
8 4000 8000 
9 4000 8500 
10 4000 9000 
11 4000 9500 
12 4000 10000 
13 4000 10500 
14 4000 11000 
15 4000 11500 
16 4000 12000 
17 4000 12500 
18 4000 13000 
19 4000 13500 
20 4000 14000 
21 4000 14500 
22 4000 15000 
23 4000 15500 
24 4000 16000 
25 7000 4000 
26 7000 4500 
27 7000 5000 
28 7000 5500 
29 7000 6000 
30 7000 6500 
31 7000 7000 
32 7000 7500 
33 7000 8000 
34 7000 8500 
35 7000 9000 
36 7000 9500 
37 7000 10000 
38 7000 10500 
39 7000 11000 
40 7000 11500 
41 7000 12000 
42 7000 12500 
43 7000 13000 
44 7000 13500 
45 7000 14000 
46 7000 14500 
47 7000 15000 
48 7000 15500 
49 7000 16000 
50 10000 4000 
51 10000 4500 
52 10000 5000 
53 10000 5500 
54 10000 6000 
55 10000 6500 
56 10000 7000 
57 10000 7500 
58 10000 8000 
59 10000 8500 
60 10000 9000 
61 10000 9500 
62 10000 10000 
63 10000 10500 
64 10000 11000 
65 10000 11500 
66 10000 12000 
67 10000 12500 
68 10000 13000 
69 10000 13500 
70 10000 14000 
71 10000 14500 
72 10000 15000 
73 10000 15500 
74 10000 16000 
75 13000 4000 
76 13000 4500 
77 13000 5000 
78 13000 5500 
79 13000 6000 
80 13000 6500 
81 13000 7000 
82 13000 7500 
83 13000 8000 
84 13000 8500 
85 13000 9000 
86 13000 9500 
87 13000 10000 
88 13000 10500 
89 13000 11000 
90 13000 11500 
91 13000 12000 
92 13000 12500 
93 13000 13000 
94 13000 13500 
95 13000 14000 
96 13000 14500 
97 13000 15000 
98 13000 15500 
99 13000 16000 
100 16000 4000 
101 16000 4500 
102 16000 5000 
103 16000 5500 
104 16000 6000 
105 16000 6500 
106 16000 7000 
107 16000 7500 
108 16000 8000 
109 16000 8500 
110 16000 9000 
111 16000 9500 
112 16000 10000 
113 16000 10500 
114 16000 11000 
115 16000 11500 
116 16000 12000 
117 16000 12500 
118 16000 13000 
119 16000 13500 
120 16000 14000 
121 16000 14500 
122 16000 15000 
123 16000 15500 
124 16000 16000 
125 4500 4000 
126 5000 4000 
127 5500 4000 
128 6000 4000 
129 6500 4000 
130 4500 7000 
131 5000 7000 
132 5500 7000 
133 6000 7000 
134 6500 7000 
135 4500 10000 
136 5000 10000 
137 5500 10000 
138 6000 10000 
139 6500 10000 
140 4500 13000 
141 5000 13000 
142 5500 13000 
143 6000 13000 
144 6500 13000 
145 4500 16000 
146 5000 16000 
147 5500 16000 
148 6000 16000 
149 6500 16000 
150 7500 4000 
151 8000 4000 
152 8500 4000 
153 9000 4000 
154 9500 4000 
155 7500 7000 
156 8000 7000 
157 8500 7000 
158 9000 7000 
159 9500 7000 
160 7500 10000 
161 8000 10000 
162 8500 10000 
163 9000 10000 
164 9500 10000 
165 7500 13000 
166 8000 13000 
167 8500 13000 
168 9000 13000 
169 9500 13000 
170 7500 16000 
171 8000 16000 
172 8500 16000 
173 9000 16000 
174 9500 16000 
175 10500 4000 
176 11000 4000 
177 11500 4000 
178 12000 4000 
179 12500 4000 
180 10500 7000 
181 11000 7000 
182 11500 7000 
183 12000 7000 
184 12500 7000 
185 10500 10000 
186 11000 10000 
187 11500 10000 
188 12000 10000 
189 12500 10000 
190 10500 13000 
191 11000 13000 
192 11500 13000 
193 12000 13000 
194 12500 13000 
195 10500 16000 
196 11000 16000 
197 11500 16000 
198 12000 16000 
199 12500 16000 
200 13500 4000 
201 14000 4000 
202 14500 4000 
203 15000 4000 
204 15500 4000 
205 13500 7000 
206 14000 7000 
207 14500 7000 
208 15000 7000 
209 15500 7000 
210 13500 10000 
211 14000 10000 
212 14500 10000 
213 15000 10000 
214 15500 10000 
215 13500 13000 
216 14000 13000 
217 14500 13000 
218 15000 13000 
219 15500 13000 
220 13500 16000 
221 14000 16000 
222 14500 16000 
223 15000 16000 
224 15500 16000 
