100
0 3140 1401 
1 556 1056 
2 3675 1522 
3 1182 1853 
4 3595 111 
5 962 1895 
6 2030 1186 
7 3507 1851 
8 2642 1269 
9 3438 901 
10 3858 1472 
11 2937 1568 
12 376 1018 
13 839 1355 
14 706 1925 
15 749 920 
16 298 615 
17 694 552 
18 387 190 
19 2801 695 
20 3133 1143 
21 1517 266 
22 1538 224 
23 844 520 
24 2639 1239 
25 3123 217 
26 2489 1520 
27 3834 1827 
28 3417 1808 
29 2938 543 
30 71 1323 
31 3245 1828 
32 731 1741 
33 2312 1270 
34 2426 1851 
35 380 478 
36 2310 635 
37 2830 775 
38 3829 513 
39 3684 445 
40 171 514 
41 627 1261 
42 1490 1123 
43 61 81 
44 422 542 
45 2698 1221 
46 2372 127 
47 177 1390 
48 3084 748 
49 1213 910 
50 3 1817 
51 1782 995 
52 3896 742 
53 1829 812 
54 1286 550 
55 3017 108 
56 2132 1432 
57 2000 1110 
58 3317 1966 
59 1729 1498 
60 2408 1747 
61 3292 152 
62 193 1210 
63 782 1462 
64 2503 352 
65 1697 1924 
66 3821 147 
67 3370 791 
68 3162 367 
69 3938 516 
70 2741 1583 
71 2330 741 
72 3918 1088 
73 1794 1589 
74 2929 485 
75 3453 1998 
76 896 705 
77 399 850 
78 2614 195 
79 2800 653 
80 2630 20 
81 563 1513 
82 1090 1652 
83 2009 1163 
84 3876 1165 
85 3084 774 
86 1526 1612 
87 1612 328 
88 1423 1322 
89 3058 1276 
90 3782 1865 
91 347 252 
92 3904 1444 
93 2191 1579 
94 3220 1454 
95 468 319 
96 3611 1968 
97 3114 1629 
98 3515 1892 
99 3060 155 
