318
0 63 71 
1 94 71 
2 142 370 
3 173 1276 
4 205 1213 
5 213 69 
6 244 69 
7 276 630 
8 283 732 
9 362 69 
10 394 69 
11 449 370 
12 480 1276 
13 512 1213 
14 528 157 
15 583 630 
16 591 732 
17 638 654 
18 638 496 
19 638 314 
20 638 142 
21 669 142 
22 677 315 
23 677 496 
24 677 654 
25 709 654 
26 709 496 
27 709 315 
28 701 142 
29 764 220 
30 811 189 
31 843 173 
32 858 370 
33 890 1276 
34 921 1213 
35 992 630 
36 1000 732 
37 1197 1276 
38 1228 1213 
39 1276 205 
40 1299 630 
41 1307 732 
42 1362 654 
43 1362 496 
44 1362 291 
45 1425 654 
46 1425 496 
47 1425 291 
48 1417 173 
49 1488 291 
50 1488 496 
51 1488 654 
52 1551 654 
53 1551 496 
54 1551 291 
55 1614 291 
56 1614 496 
57 1614 654 
58 1732 189 
59 1811 1276 
60 1843 1213 
61 1913 630 
62 1921 732 
63 2087 370 
64 2118 1276 
65 2150 1213 
66 2189 205 
67 2220 189 
68 2220 630 
69 2228 732 
70 2244 142 
71 2276 315 
72 2276 496 
73 2276 654 
74 2315 654 
75 2315 496 
76 2315 315 
77 2331 142 
78 2346 315 
79 2346 496 
80 2346 654 
81 2362 142 
82 2402 157 
83 2402 220 
84 2480 142 
85 2496 370 
86 2528 1276 
87 2559 1213 
88 2630 630 
89 2638 732 
90 2756 69 
91 2787 69 
92 2803 370 
93 2835 1276 
94 2866 1213 
95 2906 69 
96 2937 69 
97 2937 630 
98 2945 732 
99 3016 1276 
100 3055 69 
101 3087 69 
102 606 220 
103 1165 370 
104 1780 370 
105 63 1402 
106 94 1402 
107 142 1701 
108 173 2607 
109 205 2544 
110 213 1400 
111 244 1400 
112 276 1961 
113 283 2063 
114 362 1400 
115 394 1400 
116 449 1701 
117 480 2607 
118 512 2544 
119 528 1488 
120 583 1961 
121 591 2063 
122 638 1985 
123 638 1827 
124 638 1645 
125 638 1473 
126 669 1473 
127 677 1646 
128 677 1827 
129 677 1985 
130 709 1985 
131 709 1827 
132 709 1646 
133 701 1473 
134 764 1551 
135 811 1520 
136 843 1504 
137 858 1701 
138 890 2607 
139 921 2544 
140 992 1961 
141 1000 2063 
142 1197 2607 
143 1228 2544 
144 1276 1536 
145 1299 1961 
146 1307 2063 
147 1362 1985 
148 1362 1827 
149 1362 1622 
150 1425 1985 
151 1425 1827 
152 1425 1622 
153 1417 1504 
154 1488 1622 
155 1488 1827 
156 1488 1985 
157 1551 1985 
158 1551 1827 
159 1551 1622 
160 1614 1622 
161 1614 1827 
162 1614 1985 
163 1732 1520 
164 1811 2607 
165 1843 2544 
166 1913 1961 
167 1921 2063 
168 2087 1701 
169 2118 2607 
170 2150 2544 
171 2189 1536 
172 2220 1520 
173 2220 1961 
174 2228 2063 
175 2244 1473 
176 2276 1646 
177 2276 1827 
178 2276 1985 
179 2315 1985 
180 2315 1827 
181 2315 1646 
182 2331 1473 
183 2346 1646 
184 2346 1827 
185 2346 1985 
186 2362 1473 
187 2402 1488 
188 2402 1551 
189 2480 1473 
190 2496 1701 
191 2528 2607 
192 2559 2544 
193 2630 1961 
194 2638 2063 
195 2756 1400 
196 2787 1400 
197 2803 1701 
198 2835 2607 
199 2866 2544 
200 2906 1400 
201 2937 1400 
202 2937 1961 
203 2945 2063 
204 3016 2607 
205 3055 1400 
206 3087 1400 
207 606 1551 
208 1165 1701 
209 1780 1701 
210 63 2733 
211 94 2733 
212 142 3032 
213 173 3938 
214 205 3875 
215 213 2731 
216 244 2731 
217 276 3292 
218 283 3394 
219 362 2731 
220 394 2731 
221 449 3032 
222 480 3938 
223 512 3875 
224 528 2819 
225 583 3292 
226 591 3394 
227 638 3316 
228 638 3158 
229 638 2976 
230 638 2804 
231 669 2804 
232 677 2977 
233 677 3158 
234 677 3316 
235 709 3316 
236 709 3158 
237 709 2977 
238 701 2804 
239 764 2882 
240 811 2851 
241 843 2835 
242 858 3032 
243 890 3938 
244 921 3875 
245 992 3292 
246 1000 3394 
247 1197 3938 
248 1228 3875 
249 1276 2867 
250 1299 3292 
251 1307 3394 
252 1362 3316 
253 1362 3158 
254 1362 2953 
255 1425 3316 
256 1425 3158 
257 1425 2953 
258 1417 2835 
259 1488 2953 
260 1488 3158 
261 1488 3316 
262 1551 3316 
263 1551 3158 
264 1551 2953 
265 1614 2953 
266 1614 3158 
267 1614 3316 
268 1732 2851 
269 1811 3938 
270 1843 3875 
271 1913 3292 
272 1921 3394 
273 2087 3032 
274 2118 3938 
275 2150 3875 
276 2189 2867 
277 2220 2851 
278 2220 3292 
279 2228 3394 
280 2244 2804 
281 2276 2977 
282 2276 3158 
283 2276 3316 
284 2315 3316 
285 2315 3158 
286 2315 2977 
287 2331 2804 
288 2346 2977 
289 2346 3158 
290 2346 3316 
291 2362 2804 
292 2402 2819 
293 2402 2882 
294 2480 2804 
295 2496 3032 
296 2528 3938 
297 2559 3875 
298 2630 3292 
299 2638 3394 
300 2756 2731 
301 2787 2731 
302 2803 3032 
303 2835 3938 
304 2866 3875 
305 2906 2731 
306 2937 2731 
307 2937 3292 
308 2945 3394 
309 3016 3938 
310 3055 2731 
311 3087 2731 
312 606 2882 
313 1165 3032 
314 1780 3032 
315 1417 -79 
316 1496 -79 
317 1693 4055 
