264
0 3425 6450 
1 3625 3200 
2 3525 3200 
3 3525 3350 
4 3625 3350 
5 3725 3350 
6 3725 3650 
7 3625 3650 
8 3525 3650 
9 3525 3850 
10 3625 3850 
11 3725 3850 
12 3725 4150 
13 3625 4150 
14 3525 4150 
15 3525 4350 
16 3625 4350 
17 3725 4350 
18 3725 4650 
19 3625 4650 
20 3525 4650 
21 3525 4850 
22 3625 4850 
23 3725 4850 
24 3725 5150 
25 3625 5150 
26 3525 5150 
27 3525 5350 
28 3625 5350 
29 3725 5350 
30 3725 5650 
31 3625 5650 
32 3525 5650 
33 3525 5850 
34 3625 5850 
35 3725 5850 
36 3725 6150 
37 3625 6150 
38 3525 6150 
39 3525 6450 
40 3525 6650 
41 3675 7150 
42 3675 7500 
43 3675 7700 
44 3675 7850 
45 3675 8050 
46 3525 8300 
47 3625 8300 
48 3725 8300 
49 3725 8600 
50 3625 8600 
51 3525 8600 
52 3825 8750 
53 3925 8750 
54 3925 8600 
55 3825 8600 
56 3825 8300 
57 3925 8300 
58 3925 7600 
59 3925 6150 
60 3825 6150 
61 3825 5850 
62 3925 5850 
63 3925 5650 
64 3825 5650 
65 3825 5350 
66 3925 5350 
67 3925 5150 
68 3825 5150 
69 3825 4850 
70 3925 4850 
71 3925 4650 
72 3825 4650 
73 3825 4350 
74 3925 4350 
75 3925 4150 
76 3825 4150 
77 3825 3850 
78 3925 3850 
79 3925 3650 
80 3825 3650 
81 3825 3350 
82 3925 3350 
83 3875 3200 
84 4075 3200 
85 4025 3350 
86 4125 3350 
87 4225 3350 
88 4225 3650 
89 4125 3650 
90 4025 3650 
91 4025 3850 
92 4125 3850 
93 4225 3850 
94 4225 4150 
95 4125 4150 
96 4025 4150 
97 4025 4350 
98 4125 4350 
99 4225 4350 
100 4225 4650 
101 4125 4650 
102 4025 4650 
103 4025 4850 
104 4125 4850 
105 4225 4850 
106 4225 5150 
107 4125 5150 
108 4025 5150 
109 4025 5350 
110 4125 5350 
111 4225 5350 
112 4225 5650 
113 4125 5650 
114 4025 5650 
115 4025 5850 
116 4125 5850 
117 4225 5850 
118 4225 6150 
119 4125 6150 
120 4025 6150 
121 4025 8300 
122 4125 8300 
123 4225 8300 
124 4225 8600 
125 4125 8600 
126 4025 8600 
127 4275 8850 
128 4875 6100 
129 4975 4050 
130 4975 3900 
131 4975 3750 
132 9675 3200 
133 9675 3350 
134 9675 3650 
135 9675 3850 
136 9675 4150 
137 9675 4350 
138 9675 4650 
139 9675 4850 
140 9675 5150 
141 9675 5350 
142 9675 5650 
143 9675 5850 
144 9675 6150 
145 9575 6450 
146 9675 6450 
147 9675 6650 
148 9675 8300 
149 9675 8600 
150 9975 8750 
151 9975 8600 
152 9875 8600 
153 9775 8600 
154 9775 8300 
155 9875 8300 
156 9975 8300 
157 9825 8050 
158 9825 7850 
159 9825 7700 
160 9825 7500 
161 9825 7150 
162 9975 6150 
163 9875 6150 
164 9775 6150 
165 9775 5850 
166 9875 5850 
167 9975 5850 
168 9975 5650 
169 9875 5650 
170 9775 5650 
171 9775 5350 
172 9875 5350 
173 9975 5350 
174 9775 5150 
175 9875 5150 
176 9975 5150 
177 9975 4850 
178 9875 4850 
179 9775 4850 
180 9775 4650 
181 9875 4650 
182 9975 4650 
183 9975 4350 
184 9875 4350 
185 9775 4350 
186 9775 4150 
187 9875 4150 
188 9975 4150 
189 9975 3850 
190 9875 3850 
191 9775 3850 
192 9975 3650 
193 9875 3650 
194 9775 3650 
195 9775 3350 
196 9875 3350 
197 9975 3350 
198 9775 3200 
199 10225 3200 
200 10025 3200 
201 10075 3350 
202 10175 3350 
203 10175 3650 
204 10075 3650 
205 10175 3850 
206 10075 3850 
207 10075 4150 
208 10175 4150 
209 10175 4350 
210 10075 4350 
211 10075 4650 
212 10175 4650 
213 10175 4850 
214 10075 4850 
215 10075 5150 
216 10175 5150 
217 10075 5350 
218 10175 5350 
219 10175 5650 
220 10075 5650 
221 10075 5850 
222 10175 5850 
223 10175 6150 
224 10075 6150 
225 10075 7600 
226 10075 8300 
227 10175 8300 
228 10175 8600 
229 10075 8600 
230 10075 8750 
231 10425 8850 
232 10375 8600 
233 10275 8600 
234 10275 8300 
235 10375 8300 
236 10375 6150 
237 10275 6150 
238 10275 5850 
239 10375 5850 
240 10375 5650 
241 10275 5650 
242 10275 5350 
243 10375 5350 
244 10275 5150 
245 10375 5150 
246 10375 4850 
247 10275 4850 
248 10275 4650 
249 10375 4650 
250 10375 4350 
251 10275 4350 
252 10275 4150 
253 10375 4150 
254 10375 3850 
255 10275 3850 
256 10375 3650 
257 10275 3650 
258 10275 3350 
259 10375 3350 
260 11125 3750 
261 11125 3900 
262 11125 4050 
263 11025 6100 
