439
0 7125 11300 
1 7225 11050 
2 7225 11150 
3 7375 11300 
4 7500 11200 
5 7625 11275 
6 7725 11275 
7 7825 11275 
8 7925 11275 
9 8050 11225 
10 8050 11125 
11 8150 11125 
12 8275 11300 
13 8400 11300 
14 8525 11300 
15 8650 11300 
16 8750 11200 
17 12475 10800 
18 12075 10800 
19 11975 10975 
20 11575 10975 
21 11525 10850 
22 11400 10975 
23 11425 10850 
24 11000 10975 
25 10475 10850 
26 10375 10850 
27 10300 10975 
28 10250 10850 
29 9900 10975 
30 9850 10850 
31 9350 11000 
32 8750 11000 
33 8650 10900 
34 8525 10900 
35 8400 10900 
36 8275 10900 
37 8050 10775 
38 7900 10775 
39 7925 10975 
40 7825 10975 
41 7750 10775 
42 7725 10975 
43 7600 10775 
44 7625 10975 
45 7500 11000 
46 7425 10750 
47 7325 10750 
48 7375 10900 
49 7225 10750 
50 7125 10750 
51 7125 10900 
52 7125 10450 
53 7225 10450 
54 7325 10450 
55 7425 10450 
56 8300 10500 
57 8600 10500 
58 8950 10425 
59 9050 10425 
60 9150 10425 
61 9350 10600 
62 10200 10600 
63 10700 10600 
64 11375 10575 
65 11525 10625 
66 11650 10625 
67 11775 10450 
68 11775 10250 
69 11650 10125 
70 11525 10125 
71 11375 10175 
72 10250 10325 
73 10250 10125 
74 9275 10275 
75 9175 10275 
76 8950 10200 
77 8750 10200 
78 8050 10275 
79 7900 10275 
80 7750 10275 
81 7600 10275 
82 4975 10125 
83 4750 10125 
84 4525 10125 
85 8750 10000 
86 8950 10000 
87 11375 10000 
88 11475 10000 
89 11575 10000 
90 11675 10000 
91 12100 9875 
92 12225 9875 
93 12350 9875 
94 12750 9925 
95 12875 9925 
96 13125 9875 
97 13000 9800 
98 13000 9550 
99 12600 9775 
100 12600 9575 
101 11975 9800 
102 11975 9550 
103 11675 9700 
104 11575 9700 
105 11475 9700 
106 11375 9700 
107 10975 9600 
108 10850 9600 
109 10375 9250 
110 10475 9250 
111 10575 9250 
112 11725 9325 
113 11850 9375 
114 12100 9475 
115 12050 9275 
116 12225 9475 
117 12150 9275 
118 12250 9275 
119 12350 9475 
120 12350 9275 
121 12525 9325 
122 12750 9425 
123 12775 9275 
124 12875 9425 
125 12875 9275 
126 12975 9275 
127 13125 9475 
128 13075 9275 
129 13250 9375 
130 13375 9375 
131 13500 9375 
132 13625 9375 
133 13075 8975 
134 12975 8975 
135 12875 8975 
136 12775 8975 
137 12525 8925 
138 12350 8975 
139 12250 8975 
140 12150 8975 
141 12050 8975 
142 11725 8925 
143 10975 9200 
144 10900 8975 
145 10850 9200 
146 10800 9075 
147 10800 8975 
148 5150 8750 
149 11650 8725 
150 11775 8775 
151 11850 8875 
152 11900 8725 
153 12025 8625 
154 12150 8650 
155 12275 8725 
156 12400 8625 
157 12525 8725 
158 12650 8625 
159 12850 8725 
160 12975 8625 
161 13100 8775 
162 13250 8875 
163 13375 8875 
164 13500 8875 
165 13475 8725 
166 13625 8875 
167 13700 8500 
168 13600 8600 
169 13600 8500 
170 13475 8325 
171 13350 8350 
172 13250 8450 
173 13250 8350 
174 12975 8425 
175 12850 8325 
176 12650 8425 
177 12525 8325 
178 12400 8425 
179 12275 8325 
180 12150 8400 
181 12025 8425 
182 11900 8325 
183 11650 8325 
184 11000 8575 
185 4900 8500 
186 6150 8275 
187 6625 8300 
188 7025 8300 
189 11225 8125 
190 11550 8125 
191 11775 8275 
192 11850 8125 
193 11975 8125 
194 12100 8125 
195 12225 8125 
196 12350 8125 
197 12475 8025 
198 12600 8125 
199 12725 8125 
200 12850 8125 
201 12975 8125 
202 13100 8125 
203 13100 8275 
204 13225 8125 
205 13375 8175 
206 13500 8175 
207 13625 8125 
208 13625 7725 
209 13225 7725 
210 13100 7725 
211 12975 7725 
212 12850 7725 
213 12725 7725 
214 12600 7725 
215 12475 7825 
216 12350 7725 
217 12225 7725 
218 12100 7725 
219 11975 7725 
220 11850 7725 
221 11550 7725 
222 11225 7725 
223 11000 7775 
224 6625 7950 
225 4800 7825 
226 4550 7825 
227 4550 7425 
228 4800 7425 
229 6150 7525 
230 6825 7575 
231 7075 7575 
232 11450 7500 
233 11550 7500 
234 11650 7500 
235 11750 7500 
236 11850 7500 
237 11950 7500 
238 12050 7500 
239 12150 7500 
240 12325 7550 
241 12500 7500 
242 12600 7500 
243 12700 7500 
244 12800 7500 
245 13025 7500 
246 13125 7500 
247 13225 7500 
248 13325 7500 
249 13375 7675 
250 13500 7675 
251 13500 7450 
252 13625 7550 
253 13625 7150 
254 13500 7250 
255 13325 7200 
256 13225 7200 
257 13125 7200 
258 13025 7200 
259 12800 7200 
260 12700 7200 
261 12600 7200 
262 12500 7200 
263 12325 7150 
264 12150 7200 
265 12050 7200 
266 11950 7200 
267 11850 7200 
268 11750 7200 
269 11650 7200 
270 11550 7200 
271 11450 7200 
272 11050 7125 
273 10950 7125 
274 10850 7125 
275 10750 7125 
276 10650 7125 
277 10550 7125 
278 10450 7125 
279 7075 7175 
280 5825 7350 
281 5425 7350 
282 4425 7275 
283 4425 6875 
284 7075 7075 
285 7250 7025 
286 7250 6900 
287 7750 6900 
288 7900 6900 
289 8200 6900 
290 8350 6900 
291 8650 6900 
292 8800 6900 
293 10450 6825 
294 10550 6825 
295 10650 6825 
296 10750 6825 
297 10850 6825 
298 10950 6825 
299 11050 6825 
300 11425 6975 
301 11575 6925 
302 11575 6825 
303 11675 6825 
304 11850 6975 
305 11975 6975 
306 12225 6975 
307 12350 6975 
308 12475 6975 
309 12600 6975 
310 12725 6875 
311 12850 6975 
312 12975 6975 
313 13125 7025 
314 13275 6975 
315 13400 7025 
316 13400 6525 
317 13275 6575 
318 13125 6525 
319 12975 6575 
320 12850 6575 
321 12725 6675 
322 12600 6575 
323 12475 6575 
324 12350 6575 
325 12225 6575 
326 11975 6575 
327 11850 6575 
328 11675 6575 
329 11575 6675 
330 11575 6575 
331 11425 6575 
332 11050 6625 
333 10950 6625 
334 10850 6625 
335 10750 6625 
336 10650 6625 
337 10550 6625 
338 10450 6625 
339 7075 6675 
340 5675 6650 
341 5175 6650 
342 5050 6575 
343 4650 6575 
344 7650 6375 
345 7750 6375 
346 7750 6500 
347 7850 6375 
348 7900 6500 
349 8100 6375 
350 8200 6375 
351 8200 6500 
352 8300 6375 
353 8350 6500 
354 8550 6375 
355 8650 6375 
356 8650 6500 
357 8750 6375 
358 8800 6500 
359 10450 6325 
360 10550 6325 
361 10650 6325 
362 10750 6325 
363 10850 6325 
364 10950 6325 
365 11050 6325 
366 11100 6075 
367 10950 6075 
368 10800 6125 
369 10300 6125 
370 5550 5675 
371 5625 5625 
372 5675 5750 
373 6175 5750 
374 6225 5625 
375 7625 5850 
376 7875 5850 
377 10950 5800 
378 7875 5350 
379 7625 5350 
380 6175 5400 
381 5675 5400 
382 5550 5425 
383 5550 5200 
384 10950 5300 
385 11050 5075 
386 11200 5075 
387 11350 4875 
388 7875 4875 
389 7675 4875 
390 6225 5000 
391 6175 4875 
392 5675 4875 
393 5625 5000 
394 5550 4950 
395 5550 4475 
396 5550 4675 
397 5675 4675 
398 6175 4675 
399 11350 4425 
400 11350 4650 
401 13225 4275 
402 4225 4075 
403 13225 4075 
404 13225 3700 
405 6350 3600 
406 5950 3600 
407 4225 3675 
408 4225 3525 
409 4475 3300 
410 4475 3450 
411 4975 3300 
412 4975 3450 
413 7900 3350 
414 10650 3525 
415 10850 3525 
416 13225 3500 
417 13225 3125 
418 8275 3000 
419 8125 3000 
420 7900 3200 
421 4975 3000 
422 4975 3150 
423 4475 3000 
424 4475 3150 
425 4225 3125 
426 4675 2700 
427 13225 2925 
428 13225 2525 
429 4675 2550 
430 13225 2325 
431 4675 1825 
432 4675 1975 
433 1975 4025 
434 2075 5675 
435 1975 5575 
436 1875 5475 
437 1775 5375 
438 2075 6475 
