124
0 4475 8657 
1 4475 8969 
2 4475 9407 
3 4475 9719 
4 5450 10475 
5 5475 9750 
6 5475 8650 
7 4575 8425 
8 5425 3300 
9 5425 3000 
10 5425 2400 
11 5425 2100 
12 5425 1800 
13 6000 2375 
14 6375 2375 
15 6000 3375 
16 6375 3375 
17 6475 4675 
18 6475 4875 
19 6475 5275 
20 6475 5475 
21 6100 6675 
22 6350 6675 
23 6350 7275 
24 6100 7275 
25 6550 7625 
26 5775 8650 
27 6075 8650 
28 6375 8650 
29 6375 9750 
30 6075 9750 
31 5775 9750 
32 6975 9750 
33 6675 9750 
34 6675 8650 
35 6875 8650 
36 6850 7275 
37 6600 7275 
38 6600 6675 
39 6850 6675 
40 7100 5425 
41 7100 5275 
42 7100 5075 
43 7100 4875 
44 7100 4675 
45 6925 3300 
46 6925 3000 
47 6925 2700 
48 6925 2400 
49 6925 2100 
50 6925 1800 
51 7700 3725 
52 7850 3700 
53 7700 4725 
54 7750 7475 
55 8125 7525 
56 8500 7475 
57 8500 8225 
58 7600 9025 
59 8350 9025 
60 7975 9075 
61 8350 9775 
62 9375 11225 
63 9531 11225 
64 9475 10275 
65 9275 10050 
66 10375 9525 
67 9687 11225 
68 9843 11225 
69 9999 11225 
70 10155 11225 
71 10311 11225 
72 10467 11225 
73 10623 11225 
74 10779 11225 
75 10935 11225 
76 11091 11225 
77 11247 11225 
78 11403 11225 
79 11559 11225 
80 11175 9800 
81 11275 9475 
82 10650 9400 
83 11275 9175 
84 11125 5350 
85 11025 4750 
86 11000 4600 
87 11000 3600 
88 11650 3350 
89 11725 4825 
90 12500 5950 
91 11715 11225 
92 11871 11225 
93 12027 11225 
94 12183 11225 
95 12339 11225 
96 12495 11225 
97 12651 11225 
98 12807 11225 
99 12963 11225 
100 13325 6100 
101 13100 4625 
102 12825 3800 
103 12850 2425 
104 13585 1975 
105 13585 2131 
106 13585 2287 
107 13585 2443 
108 13585 2599 
109 13585 2755 
110 13585 2911 
111 13585 3067 
112 13585 3223 
113 13585 3379 
114 13585 9615 
115 13585 9771 
116 13585 9927 
117 13585 10083 
118 13585 10239 
119 13585 10395 
120 13585 10551 
121 13585 10707 
122 13585 10863 
123 13585 11019 
