1379
0 2918 6528 
1 2925 6597 
2 2926 6609 
3 2927 6312 
4 2930 6328 
5 2934 6545 
6 2938 7412 
7 2941 6456 
8 2945 6284 
9 2947 6663 
10 2948 6513 
11 2948 7456 
12 2950 6350 
13 2950 6480 
14 2951 7293 
15 2959 6385 
16 2963 6476 
17 2965 6450 
18 2965 6602 
19 2968 7322 
20 2969 6212 
21 2972 6406 
22 2973 6671 
23 2977 6493 
24 2981 6576 
25 2982 6333 
26 2983 7487 
27 2987 6551 
28 2995 7425 
29 3001 6577 
30 3002 6598 
31 3004 6394 
32 3005 6345 
33 3007 7303 
34 3009 6209 
35 3009 6657 
36 3010 6230 
37 3010 6643 
38 3014 6478 
39 3018 6382 
40 3019 7435 
41 3020 6429 
42 3021 6137 
43 3024 6768 
44 3025 6547 
45 3026 6604 
46 3026 7407 
47 3026 7421 
48 3029 5998 
49 3029 6048 
50 3033 6180 
51 3033 6639 
52 3035 6801 
53 3036 6232 
54 3036 6669 
55 3038 7183 
56 3038 7291 
57 3042 7212 
58 3045 6035 
59 3045 6846 
60 3046 6527 
61 3046 7502 
62 3048 6270 
63 3048 6488 
64 3048 6886 
65 3049 6691 
66 3051 6572 
67 3052 6596 
68 3052 6753 
69 3053 6639 
70 3055 7323 
71 3056 7378 
72 3057 6012 
73 3057 6351 
74 3058 6070 
75 3062 7227 
76 3063 6054 
77 3064 6217 
78 3065 6534 
79 3068 6450 
80 3068 6788 
81 3068 7146 
82 3072 6121 
83 3076 6326 
84 3078 6724 
85 3079 6259 
86 3080 6857 
87 3082 6348 
88 3083 6505 
89 3086 7082 
90 3087 6768 
91 3087 7046 
92 3088 6091 
93 3088 7339 
94 3090 6962 
95 3093 6059 
96 3093 6374 
97 3093 6414 
98 3093 7177 
99 3095 6567 
100 3096 6686 
101 3097 6766 
102 3097 6984 
103 3099 6275 
104 3099 6833 
105 3101 7028 
106 3102 6459 
107 3103 7463 
108 3104 6870 
109 3107 6900 
110 3110 6091 
111 3113 6336 
112 3115 7272 
113 3116 6445 
114 3116 6489 
115 3117 7239 
116 3118 7194 
117 3122 6617 
118 3124 6563 
119 3124 7075 
120 3125 7161 
121 3128 6113 
122 3130 7349 
123 3135 6650 
124 3139 6528 
125 3140 6372 
126 3140 6807 
127 3141 6324 
128 3143 6440 
129 3143 7104 
130 3144 6595 
131 3145 5877 
132 3145 6750 
133 3145 7447 
134 3146 6063 
135 3147 6176 
136 3147 6981 
137 3148 6097 
138 3148 6902 
139 3148 7403 
140 3152 6204 
141 3155 6692 
142 3157 5987 
143 3159 5921 
144 3159 6482 
145 3161 6627 
146 3163 6220 
147 3165 6020 
148 3167 6844 
149 3170 6146 
150 3170 7025 
151 3171 6372 
152 3175 6440 
153 3175 7163 
154 3176 7033 
155 3177 6887 
156 3179 6246 
157 3179 7078 
158 3182 6331 
159 3182 6578 
160 3182 6810 
161 3183 5959 
162 3183 7202 
163 3186 6354 
164 3186 6469 
165 3188 6184 
166 3188 6672 
167 3188 7242 
168 3188 7304 
169 3189 6617 
170 3194 5840 
171 3194 6531 
172 3195 6031 
173 3196 7354 
174 3201 6507 
175 3203 6221 
176 3203 6930 
177 3203 7370 
178 3205 6412 
179 3205 7014 
180 3206 7425 
181 3208 6743 
182 3208 6860 
183 3211 5999 
184 3212 6360 
185 3214 6564 
186 3214 7119 
187 3215 6709 
188 3216 6115 
189 3217 7074 
190 3218 6482 
191 3218 6673 
192 3219 6636 
193 3220 6396 
194 3220 6868 
195 3222 6992 
196 3224 6262 
197 3225 6180 
198 3225 7283 
199 3227 6951 
200 3228 6241 
201 3228 7468 
202 3230 6050 
203 3230 6303 
204 3231 6833 
205 3234 6449 
206 3240 7257 
207 3241 5956 
208 3241 6806 
209 3244 6696 
210 3245 6479 
211 3245 7040 
212 3247 6222 
213 3247 6594 
214 3247 7384 
215 3251 6670 
216 3252 6879 
217 3253 7013 
218 3253 7334 
219 3253 7451 
220 3254 6637 
221 3255 5840 
222 3257 6251 
223 3258 6503 
224 3259 6332 
225 3261 6101 
226 3262 6982 
227 3264 6735 
228 3266 5874 
229 3267 6133 
230 3268 6938 
231 3269 7278 
232 3270 6012 
233 3270 6558 
234 3272 5994 
235 3275 7480 
236 3276 6459 
237 3278 7163 
238 3281 6521 
239 3282 6792 
240 3284 5940 
241 3285 7434 
242 3288 6170 
243 3288 6294 
244 3289 6203 
245 3289 6817 
246 3292 6452 
247 3294 6654 
248 3295 6737 
249 3296 6114 
250 3296 6342 
251 3296 6512 
252 3296 6602 
253 3296 7079 
254 3301 6897 
255 3302 6138 
256 3302 6364 
257 3302 6572 
258 3303 7012 
259 3304 6231 
260 3305 6263 
261 3306 6706 
262 3307 7184 
263 3310 6391 
264 3310 6490 
265 3310 6622 
266 3313 6600 
267 3314 5898 
268 3316 6102 
269 3319 6878 
270 3320 6859 
271 3322 5956 
272 3322 6189 
273 3323 7155 
274 3324 7129 
275 3325 7223 
276 3328 6735 
277 3329 5833 
278 3329 5896 
279 3329 6986 
280 3333 7057 
281 3334 6638 
282 3335 6253 
283 3336 6088 
284 3336 6124 
285 3336 6360 
286 3336 6662 
287 3337 7128 
288 3337 7335 
289 3339 6065 
290 3339 6756 
291 3340 5974 
292 3340 6424 
293 3340 6908 
294 3341 6177 
295 3341 6305 
296 3341 6820 
297 3341 7490 
298 3345 6469 
299 3351 6889 
300 3351 7198 
301 3353 7048 
302 3353 7376 
303 3355 7255 
304 3358 7024 
305 3359 7454 
306 3362 5997 
307 3364 6412 
308 3364 6913 
309 3366 6174 
310 3366 6501 
311 3368 6993 
312 3369 5819 
313 3369 6698 
314 3369 6835 
315 3370 6111 
316 3371 6489 
317 3375 6450 
318 3376 7219 
319 3377 6964 
320 3378 6093 
321 3378 6531 
322 3379 5933 
323 3379 6809 
324 3381 6372 
325 3381 6556 
326 3381 6740 
327 3382 6232 
328 3382 6654 
329 3382 6707 
330 3382 6860 
331 3386 6015 
332 3388 6951 
333 3390 7505 
334 3391 7068 
335 3392 5909 
336 3392 6420 
337 3394 6258 
338 3394 7102 
339 3395 6795 
340 3398 6296 
341 3398 7178 
342 3398 7327 
343 3400 6586 
344 3404 6166 
345 3404 6633 
346 3404 6950 
347 3405 7046 
348 3406 5820 
349 3406 6080 
350 3406 6194 
351 3406 7166 
352 3409 7117 
353 3410 6776 
354 3411 6130 
355 3411 6336 
356 3412 6509 
357 3413 6691 
358 3413 7017 
359 3415 7453 
360 3417 6022 
361 3418 6364 
362 3418 6405 
363 3419 6479 
364 3421 6973 
365 3422 6535 
366 3423 6053 
367 3425 6875 
368 3427 6294 
369 3427 6853 
370 3427 7021 
371 3428 5978 
372 3429 7061 
373 3432 6245 
374 3433 6448 
375 3433 7140 
376 3435 6929 
377 3437 6139 
378 3439 7260 
379 3441 7183 
380 3443 6472 
381 3443 6643 
382 3444 6338 
383 3446 6193 
384 3446 6601 
385 3449 7080 
386 3450 7104 
387 3452 6766 
388 3452 7003 
389 3452 7060 
390 3453 6103 
391 3454 6704 
392 3454 7220 
393 3455 6882 
394 3456 6905 
395 3456 6923 
396 3457 6936 
397 3458 6193 
398 3458 6514 
399 3458 7386 
400 3459 6310 
401 3460 6417 
402 3461 6163 
403 3464 6272 
404 3464 6375 
405 3465 7099 
406 3466 6125 
407 3466 6952 
408 3470 6075 
409 3471 6541 
410 3471 7523 
411 3472 6772 
412 3473 6225 
413 3475 6479 
414 3477 6245 
415 3478 6451 
416 3482 6101 
417 3482 6393 
418 3485 6621 
419 3485 7114 
420 3486 6710 
421 3487 5976 
422 3489 6356 
423 3489 6888 
424 3490 6153 
425 3490 6750 
426 3492 7720 
427 3495 5927 
428 3496 6650 
429 3500 6756 
430 3501 6372 
431 3502 6488 
432 3503 6124 
433 3503 6588 
434 3503 6845 
435 3503 7129 
436 3508 7090 
437 3508 7667 
438 3509 6699 
439 3510 6223 
440 3510 7023 
441 3510 7370 
442 3512 7123 
443 3512 7275 
444 3515 6172 
445 3516 6910 
446 3516 6977 
447 3517 7048 
448 3519 7459 
449 3520 7107 
450 3522 6645 
451 3524 6325 
452 3524 6618 
453 3526 6171 
454 3526 6992 
455 3526 7347 
456 3526 7525 
457 3527 6200 
458 3527 6532 
459 3528 6149 
460 3528 6288 
461 3530 6557 
462 3530 7286 
463 3531 6470 
464 3532 6513 
465 3534 7566 
466 3536 6267 
467 3537 6460 
468 3541 6802 
469 3542 6424 
470 3542 6882 
471 3543 6358 
472 3544 6762 
473 3545 6584 
474 3550 6097 
475 3552 6845 
476 3552 7154 
477 3553 6250 
478 3557 6279 
479 3557 6325 
480 3557 7180 
481 3558 7206 
482 3559 6703 
483 3563 6473 
484 3563 7097 
485 3564 6757 
486 3565 6448 
487 3565 6573 
488 3565 6631 
489 3568 6542 
490 3568 6921 
491 3569 6363 
492 3570 6401 
493 3570 7349 
494 3570 7502 
495 3571 7619 
496 3572 7699 
497 3574 7773 
498 3575 6159 
499 3575 6439 
500 3576 6344 
501 3577 7041 
502 3577 7434 
503 3578 6076 
504 3578 6121 
505 3578 6317 
506 3581 6249 
507 3582 6608 
508 3586 6513 
509 3587 6566 
510 3587 6877 
511 3589 6793 
512 3592 6663 
513 3593 6544 
514 3594 7253 
515 3596 6219 
516 3598 7029 
517 3601 6970 
518 3603 6093 
519 3604 6691 
520 3606 7698 
521 3606 7716 
522 3607 7151 
523 3609 6729 
524 3610 6945 
525 3610 7221 
526 3611 6631 
527 3611 6764 
528 3612 6582 
529 3615 7508 
530 3617 6305 
531 3619 7357 
532 3620 7021 
533 3622 6258 
534 3623 6597 
535 3624 6192 
536 3625 6280 
537 3630 6823 
538 3630 7103 
539 3630 7311 
540 3630 7572 
541 3639 6152 
542 3639 6261 
543 3639 6889 
544 3639 7712 
545 3642 6330 
546 3646 7509 
547 3652 7207 
548 3652 7853 
549 3653 6765 
550 3653 7404 
551 3653 7436 
552 3655 6108 
553 3655 6955 
554 3657 6213 
555 3657 6761 
556 3660 6105 
557 3660 7566 
558 3660 7825 
559 3661 6701 
560 3666 6945 
561 3669 6855 
562 3674 7592 
563 3675 7133 
564 3678 7181 
565 3680 6638 
566 3681 6287 
567 3681 6546 
568 3681 6603 
569 3682 6093 
570 3682 7121 
571 3683 6222 
572 3683 7305 
573 3684 6578 
574 3685 7245 
575 3688 6499 
576 3688 7442 
577 3692 6903 
578 3699 6157 
579 3699 7769 
580 3702 6303 
581 3702 7657 
582 3703 6467 
583 3703 7754 
584 3705 6667 
585 3706 6193 
586 3706 6625 
587 3709 7044 
588 3710 7167 
589 3711 6762 
590 3711 7345 
591 3713 6222 
592 3716 6117 
593 3717 6422 
594 3717 7631 
595 3721 6252 
596 3722 6128 
597 3722 7118 
598 3723 6391 
599 3726 6152 
600 3731 6715 
601 3732 6353 
602 3732 6497 
603 3732 7375 
604 3734 6286 
605 3734 6609 
606 3736 6948 
607 3739 7546 
608 3742 6329 
609 3742 6520 
610 3743 6208 
611 3744 6811 
612 3745 6555 
613 3745 6762 
614 3748 7333 
615 3749 6115 
616 3750 6664 
617 3753 7194 
618 3757 6174 
619 3758 7507 
620 3760 7450 
621 3762 7041 
622 3763 7856 
623 3768 7110 
624 3771 6742 
625 3773 7368 
626 3773 7642 
627 3774 6440 
628 3776 7638 
629 3777 6153 
630 3777 6905 
631 3777 7783 
632 3778 6476 
633 3779 6340 
634 3779 7308 
635 3781 6920 
636 3782 6630 
637 3783 6723 
638 3785 6568 
639 3786 6185 
640 3789 6258 
641 3789 7229 
642 3792 6322 
643 3793 6432 
644 3794 7726 
645 3797 7188 
646 3800 6781 
647 3800 6879 
648 3801 6132 
649 3803 6974 
650 3812 7509 
651 3814 6484 
652 3814 7430 
653 3815 6828 
654 3817 7647 
655 3819 6529 
656 3819 7209 
657 3819 7327 
658 3821 6194 
659 3826 7594 
660 3827 6338 
661 3827 6754 
662 3828 7117 
663 3830 6606 
664 3830 7541 
665 3833 7286 
666 3836 7747 
667 3838 6480 
668 3838 6673 
669 3840 6864 
670 3842 7708 
671 3844 6439 
672 3845 6241 
673 3845 6996 
674 3847 6206 
675 3848 7062 
676 3852 7851 
677 3853 6732 
678 3857 7232 
679 3860 7784 
680 3861 6838 
681 3862 6526 
682 3867 7124 
683 3867 7781 
684 3868 7089 
685 3868 7541 
686 3869 6558 
687 3872 6801 
688 3874 7135 
689 3875 7678 
690 3879 7469 
691 3882 6399 
692 3882 7294 
693 3883 6327 
694 3883 6636 
695 3883 6936 
696 3884 6491 
697 3887 7409 
698 3890 7889 
699 3891 6257 
700 3892 7196 
701 3892 7354 
702 3896 7037 
703 3896 7260 
704 3897 7098 
705 3899 6554 
706 3900 7753 
707 3901 7435 
708 3904 6206 
709 3905 6514 
710 3905 7076 
711 3906 6376 
712 3907 7857 
713 3908 6247 
714 3909 6717 
715 3909 6948 
716 3909 7544 
717 3910 7590 
718 3912 6441 
719 3914 6975 
720 3917 6611 
721 3918 7502 
722 3922 6497 
723 3922 7166 
724 3922 7358 
725 3931 6906 
726 3932 6792 
727 3934 6571 
728 3935 6329 
729 3935 7075 
730 3937 7926 
731 3938 7745 
732 3941 7243 
733 3943 6415 
734 3944 6624 
735 3945 6548 
736 3945 7612 
737 3946 7279 
738 3949 7666 
739 3951 6710 
740 3951 7782 
741 3952 6975 
742 3952 7522 
743 3955 6234 
744 3959 7453 
745 3962 6280 
746 3962 7708 
747 3968 7868 
748 3969 6486 
749 3970 6773 
750 3970 6822 
751 3971 6594 
752 3973 6395 
753 3973 6997 
754 3975 7136 
755 3977 6841 
756 3977 6970 
757 3981 7202 
758 3982 7190 
759 3983 7111 
760 3983 7233 
761 3983 7322 
762 3984 7985 
763 3985 6443 
764 3987 6246 
765 3988 7533 
766 3991 6265 
767 3991 7882 
768 3993 7416 
769 3994 7087 
770 3995 6531 
771 3995 7564 
772 3995 7808 
773 3999 7292 
774 4000 7342 
775 4004 6894 
776 4004 6964 
777 4004 6997 
778 4005 6480 
779 4006 7146 
780 4007 6288 
781 4012 7753 
782 4014 6652 
783 4014 7823 
784 4023 7175 
785 4027 6364 
786 4030 7126 
787 4032 6560 
788 4032 7316 
789 4032 7917 
790 4034 6912 
791 4038 7486 
792 4038 7945 
793 4041 6270 
794 4043 7096 
795 4045 6422 
796 4045 6743 
797 4046 6620 
798 4046 6797 
799 4047 7717 
800 4050 8038 
801 4051 7057 
802 4051 7381 
803 4052 7661 
804 4053 6527 
805 4054 6409 
806 4054 7240 
807 4055 6864 
808 4055 7044 
809 4057 7573 
810 4059 7190 
811 4062 7903 
812 4064 6994 
813 4064 7161 
814 4065 7124 
815 4067 6319 
816 4068 7508 
817 4068 7806 
818 4068 8111 
819 4073 6832 
820 4073 7220 
821 4079 7325 
822 4084 6489 
823 4085 6352 
824 4089 6450 
825 4092 7098 
826 4094 7442 
827 4095 6921 
828 4095 7524 
829 4097 7278 
830 4099 7251 
831 4100 6450 
832 4103 6966 
833 4110 7601 
834 4118 6553 
835 4119 7150 
836 4122 6868 
837 4122 7390 
838 4122 7924 
839 4123 6700 
840 4123 7222 
841 4126 6430 
842 4127 6635 
843 4127 7522 
844 4128 7349 
845 4129 8025 
846 4130 6489 
847 4130 7212 
848 4130 7469 
849 4131 6836 
850 4133 6563 
851 4136 6764 
852 4137 7763 
853 4139 6790 
854 4141 7276 
855 4142 6528 
856 4142 7646 
857 4143 7167 
858 4143 7862 
859 4144 6931 
860 4146 7030 
861 4149 6815 
862 4163 6989 
863 4164 7013 
864 4167 6922 
865 4167 7594 
866 4168 7065 
867 4170 7348 
868 4171 7964 
869 4173 7905 
870 4176 6816 
871 4177 6457 
872 4177 7111 
873 4180 7250 
874 4183 7517 
875 4189 6400 
876 4189 6963 
877 4190 7288 
878 4190 7857 
879 4192 6529 
880 4193 7437 
881 4199 6805 
882 4203 6997 
883 4204 6698 
884 4204 7221 
885 4204 7650 
886 4210 6464 
887 4210 7199 
888 4210 7532 
889 4211 6866 
890 4213 6389 
891 4214 6736 
892 4214 7048 
893 4214 7147 
894 4217 6902 
895 4218 6845 
896 4220 7736 
897 4223 7817 
898 4224 6927 
899 4233 7048 
900 4234 6638 
901 4235 7347 
902 4237 7959 
903 4241 7015 
904 4245 6506 
905 4246 6964 
906 4248 7468 
907 4249 7114 
908 4250 6425 
909 4253 7406 
910 4254 6907 
911 4257 6387 
912 4260 7916 
913 4263 7167 
914 4265 6583 
915 4266 6627 
916 4266 6832 
917 4271 7268 
918 4275 6788 
919 4276 7059 
920 4276 7423 
921 4278 7195 
922 4279 7610 
923 4281 6979 
924 4282 6686 
925 4283 6502 
926 4283 6989 
927 4284 7039 
928 4285 6376 
929 4287 6315 
930 4292 6259 
931 4292 7524 
932 4293 6825 
933 4294 6917 
934 4297 7773 
935 4298 6460 
936 4300 6546 
937 4300 6764 
938 4303 6402 
939 4306 6710 
940 4307 6866 
941 4308 7558 
942 4309 7108 
943 4312 6645 
944 4314 6359 
945 4314 6604 
946 4322 6971 
947 4324 6307 
948 4328 6822 
949 4329 7388 
950 4331 7430 
951 4336 6713 
952 4337 6401 
953 4337 7238 
954 4337 7665 
955 4338 7076 
956 4339 7337 
957 4340 6856 
958 4341 7482 
959 4343 7597 
960 4348 6326 
961 4348 6469 
962 4348 6580 
963 4349 6942 
964 4351 6214 
965 4351 6613 
966 4357 6445 
967 4360 6534 
968 4360 6652 
969 4361 7371 
970 4363 6594 
971 4365 6810 
972 4366 6404 
973 4366 6867 
974 4366 7461 
975 4368 6402 
976 4370 6291 
977 4370 7071 
978 4371 6977 
979 4372 6751 
980 4375 6494 
981 4375 7229 
982 4376 7203 
983 4382 7134 
984 4384 6229 
985 4388 6692 
986 4391 6189 
987 4393 6834 
988 4393 7533 
989 4395 7052 
990 4396 6435 
991 4396 6866 
992 4396 7630 
993 4398 6322 
994 4398 6369 
995 4398 7052 
996 4400 6291 
997 4404 6943 
998 4405 6541 
999 4408 7239 
1000 4410 7417 
1001 4413 6718 
1002 4414 7586 
1003 4416 6680 
1004 4417 7353 
1005 4418 6628 
1006 4418 6792 
1007 4419 7651 
1008 4421 6591 
1009 4421 7474 
1010 4423 6914 
1011 4424 7151 
1012 4430 6829 
1013 4430 7318 
1014 4433 7033 
1015 4443 6389 
1016 4444 7500 
1017 4448 6334 
1018 4452 7389 
1019 4454 6868 
1020 4454 7690 
1021 4461 7222 
1022 4466 6740 
1023 4469 7236 
1024 4470 6789 
1025 4471 6423 
1026 4472 7563 
1027 4477 7177 
1028 4478 6483 
1029 4478 7114 
1030 4478 7476 
1031 4480 7029 
1032 4480 7158 
1033 4480 7635 
1034 4481 6681 
1035 4481 7315 
1036 4484 6646 
1037 4488 6512 
1038 4493 7291 
1039 4497 6973 
1040 4498 7703 
1041 4500 6665 
1042 4501 6884 
1043 4501 7412 
1044 4502 6572 
1045 4506 7554 
1046 4507 6552 
1047 4508 6491 
1048 4511 7619 
1049 4514 6832 
1050 4517 6930 
1051 4519 6707 
1052 4521 7721 
1053 4525 7436 
1054 4526 7069 
1055 4528 6430 
1056 4533 7359 
1057 4535 7032 
1058 4535 7118 
1059 4538 6901 
1060 4539 7645 
1061 4542 6455 
1062 4542 7177 
1063 4543 6534 
1064 4545 6355 
1065 4546 6398 
1066 4549 7243 
1067 4551 6988 
1068 4551 7599 
1069 4555 8101 
1070 4558 6772 
1071 4561 7198 
1072 4561 7673 
1073 4563 6673 
1074 4566 7130 
1075 4567 7387 
1076 4568 6527 
1077 4569 7266 
1078 4572 7504 
1079 4574 6553 
1080 4575 6488 
1081 4576 7710 
1082 4577 6770 
1083 4577 7649 
1084 4579 7338 
1085 4581 7203 
1086 4582 6897 
1087 4584 6838 
1088 4584 8095 
1089 4585 7186 
1090 4587 6512 
1091 4588 6585 
1092 4590 6416 
1093 4591 7078 
1094 4594 7549 
1095 4597 8040 
1096 4598 7614 
1097 4598 7690 
1098 4601 6907 
1099 4602 6999 
1100 4602 7125 
1101 4606 7042 
1102 4606 7394 
1103 4608 7263 
1104 4608 7290 
1105 4610 6440 
1106 4611 7630 
1107 4613 7451 
1108 4615 6802 
1109 4617 7420 
1110 4623 6479 
1111 4625 7716 
1112 4626 7077 
1113 4626 8069 
1114 4628 6707 
1115 4629 7830 
1116 4629 8024 
1117 4630 6911 
1118 4630 7574 
1119 4631 7327 
1120 4632 6522 
1121 4632 6775 
1122 4633 7207 
1123 4634 7654 
1124 4638 8095 
1125 4639 6747 
1126 4641 6678 
1127 4644 6844 
1128 4645 6893 
1129 4645 7550 
1130 4647 7883 
1131 4649 6493 
1132 4649 7401 
1133 4651 7762 
1134 4654 6816 
1135 4655 7981 
1136 4657 6925 
1137 4657 7947 
1138 4658 7846 
1139 4659 6599 
1140 4660 7601 
1141 4661 7475 
1142 4662 7205 
1143 4663 7014 
1144 4664 7798 
1145 4664 8123 
1146 4668 7139 
1147 4669 7717 
1148 4671 7612 
1149 4672 6783 
1150 4674 6845 
1151 4675 6711 
1152 4678 7555 
1153 4680 7629 
1154 4683 8040 
1155 4686 7928 
1156 4693 7382 
1157 4695 7109 
1158 4696 6665 
1159 4697 7297 
1160 4699 7344 
1161 4699 7760 
1162 4700 7253 
1163 4700 7446 
1164 4700 7980 
1165 4701 6934 
1166 4705 6877 
1167 4710 7049 
1168 4713 7549 
1169 4713 8130 
1170 4714 8093 
1171 4715 7283 
1172 4715 7828 
1173 4715 7857 
1174 4718 7143 
1175 4718 7824 
1176 4725 6742 
1177 4727 7241 
1178 4729 7642 
1179 4730 7598 
1180 4730 7684 
1181 4735 7735 
1182 4736 6617 
1183 4736 7000 
1184 4736 7494 
1185 4738 7791 
1186 4738 7994 
1187 4739 8087 
1188 4740 6659 
1189 4741 7766 
1190 4743 7314 
1191 4743 7947 
1192 4744 7084 
1193 4748 7591 
1194 4748 8027 
1195 4749 8174 
1196 4751 6913 
1197 4751 7920 
1198 4753 6958 
1199 4756 7869 
1200 4760 7169 
1201 4761 6760 
1202 4763 6889 
1203 4766 7407 
1204 4766 7694 
1205 4767 8112 
1206 4768 7209 
1207 4768 7338 
1208 4770 6683 
1209 4771 7586 
1210 4772 7938 
1211 4773 6930 
1212 4774 7775 
1213 4776 7640 
1214 4776 7910 
1215 4778 7735 
1216 4778 8065 
1217 4780 8002 
1218 4784 7311 
1219 4791 7259 
1220 4792 7073 
1221 4794 7620 
1222 4795 6713 
1223 4795 7827 
1224 4796 7018 
1225 4800 7873 
1226 4801 7572 
1227 4803 7911 
1228 4805 7327 
1229 4809 6974 
1230 4812 7126 
1231 4812 7233 
1232 4813 6920 
1233 4817 7673 
1234 4820 7942 
1235 4822 7067 
1236 4823 7507 
1237 4827 7980 
1238 4829 7701 
1239 4833 7293 
1240 4836 7192 
1241 4838 7813 
1242 4839 7635 
1243 4839 7685 
1244 4840 7129 
1245 4846 6963 
1246 4849 7759 
1247 4852 7886 
1248 4859 7719 
1249 4861 7926 
1250 4863 7157 
1251 4863 7599 
1252 4865 7808 
1253 4867 7662 
1254 4868 7835 
1255 4869 7551 
1256 4875 7956 
1257 4876 7366 
1258 4881 6947 
1259 4883 7025 
1260 4883 7755 
1261 4885 7530 
1262 4885 7863 
1263 4886 7634 
1264 4887 7187 
1265 4887 7236 
1266 4891 7124 
1267 4892 7393 
1268 4895 7585 
1269 4897 7267 
1270 4898 7321 
1271 4899 7005 
1272 4899 8000 
1273 4904 7788 
1274 4906 7907 
1275 4909 7066 
1276 4910 7698 
1277 4912 7847 
1278 4916 7802 
1279 4917 7536 
1280 4918 7492 
1281 4919 7958 
1282 4920 7661 
1283 4920 7743 
1284 4930 7178 
1285 4933 7636 
1286 4939 7887 
1287 4943 7929 
1288 4944 7985 
1289 4945 7869 
1290 4947 7528 
1291 4954 7673 
1292 4954 7864 
1293 4955 7288 
1294 4956 7220 
1295 4963 7343 
1296 4964 7318 
1297 4968 7724 
1298 4971 7474 
1299 4977 7767 
1300 4979 8026 
1301 4980 7814 
1302 4982 8073 
1303 4985 7143 
1304 4988 7490 
1305 4988 7882 
1306 4990 7364 
1307 4992 7407 
1308 4996 7741 
1309 4996 8017 
1310 4997 7983 
1311 5000 7246 
1312 5000 7592 
1313 5005 7643 
1314 5009 7698 
1315 5013 7313 
1316 5013 7574 
1317 5013 7828 
1318 5019 8067 
1319 5021 7083 
1320 5024 7434 
1321 5025 7190 
1322 5025 7515 
1323 5025 8085 
1324 5029 7867 
1325 5036 7421 
1326 5038 7114 
1327 5040 7241 
1328 5041 7344 
1329 5045 7623 
1330 5048 8141 
1331 5057 7723 
1332 5061 7063 
1333 5064 7459 
1334 5065 7284 
1335 5065 7543 
1336 5069 6992 
1337 5070 7490 
1338 5071 8133 
1339 5077 7714 
1340 5077 7744 
1341 5080 7382 
1342 5080 7595 
1343 5085 7074 
1344 5086 7641 
1345 5088 7681 
1346 5090 7158 
1347 5093 7186 
1348 5103 7037 
1349 5103 7231 
1350 5116 7131 
1351 5117 7614 
1352 5126 7292 
1353 5131 7473 
1354 5136 7469 
1355 5141 7094 
1356 5149 7419 
1357 5155 7064 
1358 5156 7259 
1359 5158 7404 
1360 5162 7172 
1361 5167 7134 
1362 5169 7560 
1363 5175 7503 
1364 5190 7226 
1365 5193 7432 
1366 5193 7473 
1367 5195 7089 
1368 5202 7192 
1369 5206 7285 
1370 5206 7358 
1371 5211 7329 
1372 5212 7134 
1373 5219 7419 
1374 5239 7285 
1375 5250 7312 
1376 5259 7234 
1377 5263 7358 
1378 5294 7376 
