76
0 22 22 
1 36 26 
2 21 45 
3 45 35 
4 55 20 
5 33 34 
6 50 50 
7 55 45 
8 26 59 
9 40 66 
10 55 65 
11 35 51 
12 62 35 
13 62 57 
14 62 24 
15 21 36 
16 33 44 
17 9 56 
18 62 48 
19 66 14 
20 44 13 
21 26 13 
22 11 28 
23 7 43 
24 17 64 
25 41 46 
26 55 34 
27 35 16 
28 52 26 
29 43 26 
30 31 76 
31 22 53 
32 26 29 
33 50 40 
34 55 50 
35 54 10 
36 60 15 
37 47 66 
38 30 60 
39 30 50 
40 12 17 
41 15 14 
42 16 19 
43 21 48 
44 50 30 
45 51 42 
46 50 15 
47 48 21 
48 12 38 
49 15 56 
50 29 39 
51 54 38 
52 55 57 
53 67 41 
54 10 70 
55 6 25 
56 65 27 
57 40 60 
58 70 64 
59 64 4 
60 36 6 
61 30 20 
62 20 30 
63 15 5 
64 50 70 
65 57 72 
66 45 42 
67 38 33 
68 50 4 
69 66 8 
70 59 5 
71 35 60 
72 27 24 
73 40 20 
74 40 37 
75 40 40 
