195
0 3 12 
1 17 12 
2 23 9 
3 34 11 
4 47 11 
5 54 12 
6 66 16 
7 75 7 
8 86 6 
9 94 8 
10 107 9 
11 115 14 
12 123 15 
13 3 32 
14 15 32 
15 26 34 
16 33 34 
17 42 34 
18 53 25 
19 64 32 
20 74 32 
21 85 34 
22 95 28 
23 104 25 
24 113 31 
25 125 34 
26 3 48 
27 15 46 
28 26 50 
29 36 54 
30 48 50 
31 54 46 
32 64 54 
33 75 44 
34 88 49 
35 98 50 
36 103 54 
37 115 47 
38 127 49 
39 6 75 
40 15 75 
41 27 73 
42 36 73 
43 47 68 
44 54 72 
45 66 68 
46 74 67 
47 85 65 
48 94 74 
49 107 65 
50 117 65 
51 125 68 
52 6 84 
53 13 95 
54 25 94 
55 37 84 
56 47 87 
57 53 95 
58 63 86 
59 77 93 
60 83 89 
61 94 95 
62 103 92 
63 115 95 
64 123 93 
65 7 114 
66 15 111 
67 24 112 
68 36 108 
69 43 112 
70 56 105 
71 64 112 
72 73 112 
73 86 107 
74 98 108 
75 104 113 
76 117 115 
77 126 109 
78 6 127 
79 17 125 
80 27 134 
81 35 126 
82 44 131 
83 54 132 
84 63 124 
85 77 127 
86 82 134 
87 96 128 
88 103 126 
89 116 130 
90 126 134 
91 7 152 
92 16 147 
93 24 153 
94 35 151 
95 45 154 
96 55 146 
97 63 155 
98 75 151 
99 87 154 
100 93 156 
101 104 151 
102 117 153 
103 127 148 
104 3 164 
105 16 172 
106 25 165 
107 35 175 
108 44 169 
109 53 174 
110 64 168 
111 76 171 
112 87 173 
113 95 174 
114 106 168 
115 114 169 
116 125 169 
117 3 190 
118 16 188 
119 25 195 
120 37 186 
121 44 189 
122 54 194 
123 66 192 
124 77 192 
125 85 188 
126 93 185 
127 106 192 
128 113 193 
129 125 195 
130 5 207 
131 15 213 
132 24 209 
133 33 214 
134 43 206 
135 53 211 
136 64 213 
137 74 212 
138 84 212 
139 94 209 
140 104 215 
141 115 206 
142 127 209 
143 6 229 
144 13 227 
145 26 235 
146 34 225 
147 43 227 
148 55 225 
149 67 229 
150 75 234 
151 87 230 
152 95 235 
153 105 228 
154 117 225 
155 127 230 
156 6 249 
157 15 246 
158 26 255 
159 33 246 
160 47 248 
161 58 252 
162 65 248 
163 73 247 
164 87 249 
165 94 245 
166 104 256 
167 113 246 
168 125 253 
169 5 266 
170 16 274 
171 24 267 
172 37 266 
173 45 267 
174 54 266 
175 67 267 
176 74 265 
177 87 264 
178 95 271 
179 106 264 
180 116 271 
181 127 273 
182 7 287 
183 17 294 
184 23 287 
185 33 284 
186 43 288 
187 53 295 
188 67 288 
189 73 286 
190 87 293 
191 94 284 
192 104 291 
193 114 294 
194 127 290 
