1002
0 1150 4000 
1 1050 2750 
2 1150 2250 
3 1250 2050 
4 1350 2350 
5 1050 1550 
6 3350 1700 
7 3450 1450 
8 3550 1600 
9 3950 1700 
10 4050 2000 
11 4050 2150 
12 4250 1650 
13 4150 1500 
14 4450 1450 
15 4400 1700 
16 4600 1850 
17 4900 1550 
18 5100 1550 
19 5350 1450 
20 4950 1700 
21 4850 1900 
22 4900 2050 
23 5000 2150 
24 5100 2050 
25 5400 2050 
26 5750 2000 
27 5900 2050 
28 5600 2250 
29 5400 2300 
30 5250 2250 
31 5000 2350 
32 5000 2550 
33 5050 2800 
34 5250 2750 
35 5450 2750 
36 5400 2950 
37 5200 3150 
38 5050 3100 
39 4950 3300 
40 5100 3600 
41 5200 3650 
42 5350 3750 
43 5450 3750 
44 5600 3750 
45 5600 4250 
46 5450 4250 
47 5350 4150 
48 5050 3800 
49 4950 3500 
50 4700 3500 
51 4400 3700 
52 4450 3500 
53 4100 3500 
54 4150 3300 
55 4100 3150 
56 4300 3300 
57 4500 3150 
58 4500 2950 
59 4700 3000 
60 4700 2800 
61 4700 2500 
62 4600 2350 
63 4550 2500 
64 4550 2800 
65 4300 2800 
66 4100 2950 
67 3700 2800 
68 3550 2800 
69 3400 2700 
70 3400 3200 
71 3700 3100 
72 3550 3300 
73 3350 4250 
74 3350 4650 
75 3250 5200 
76 4000 5050 
77 4100 4750 
78 3950 4650 
79 3950 4250 
80 4200 4150 
81 4200 4550 
82 4500 4400 
83 4700 4350 
84 4700 4750 
85 4500 4800 
86 4500 4950 
87 4350 4750 
88 4350 4900 
89 4247 5150 
90 4354 5256 
91 4247 5256 
92 4100 5250 
93 4100 5350 
94 4000 5550 
95 4199 5554 
96 4305 5554 
97 4304 5447 
98 4500 5450 
99 4500 6050 
100 4650 6000 
101 4800 6100 
102 5050 6050 
103 5150 6150 
104 5300 6050 
105 5400 6050 
106 5150 5500 
107 5250 5350 
108 5300 5150 
109 5650 5350 
110 5800 5350 
111 5650 5500 
112 5800 5500 
113 5750 5700 
114 5750 5850 
115 5700 6000 
116 5700 6150 
117 5550 6000 
118 5550 6150 
119 6000 6600 
120 6000 7000 
121 5550 6650 
122 5400 6550 
123 5300 6450 
124 5150 6550 
125 5150 7000 
126 5050 6550 
127 4800 6500 
128 4650 6400 
129 4500 6550 
130 4250 6700 
131 4250 6350 
132 4250 5950 
133 4100 5850 
134 3950 5950 
135 3800 5950 
136 3950 6350 
137 3800 6350 
138 3250 7000 
139 3300 7450 
140 3300 7550 
141 3900 7850 
142 4250 7800 
143 4400 7750 
144 4250 7300 
145 4450 7450 
146 4650 7450 
147 4550 7650 
148 4550 7900 
149 4650 8150 
150 4400 8250 
151 4250 8250 
152 4550 8750 
153 4550 8950 
154 4250 9250 
155 4300 9450 
156 4500 9750 
157 4300 9950 
158 4300 10150 
159 4100 10150 
160 3900 10150 
161 4200 9850 
162 4050 9700 
163 4200 9450 
164 4050 9200 
165 3900 9250 
166 3750 9500 
167 3450 9450 
168 3300 9350 
169 3300 10650 
170 3450 10450 
171 3750 10500 
172 3600 11100 
173 3750 11200 
174 3750 11400 
175 3600 11600 
176 3900 11550 
177 3900 11400 
178 3900 11150 
179 4100 11150 
180 4300 11150 
181 4600 11100 
182 4600 10850 
183 4550 10550 
184 4500 10250 
185 5600 9750 
186 5600 10250 
187 5950 10250 
188 6100 10250 
189 6250 10200 
190 6400 10300 
191 6200 10300 
192 6150 10400 
193 5950 10550 
194 5650 10550 
195 5600 10850 
196 5950 10850 
197 6050 11050 
198 6150 11050 
199 6200 11150 
200 5950 11150 
201 5600 11100 
202 5950 11650 
203 6050 11550 
204 6450 11550 
205 6350 11350 
206 6550 11350 
207 6500 11150 
208 6650 11050 
209 6950 11250 
210 6950 10650 
211 7000 10500 
212 7200 10500 
213 7200 10200 
214 7100 10250 
215 7050 10400 
216 6900 10450 
217 6700 10300 
218 6850 10200 
219 7000 10050 
220 6800 9950 
221 7000 9800 
222 7100 9750 
223 7300 9650 
224 7300 9350 
225 7300 9150 
226 7300 9000 
227 7000 9000 
228 6900 9000 
229 6950 9250 
230 6700 9150 
231 6800 9350 
232 6700 9650 
233 6700 9800 
234 6600 9800 
235 6500 10050 
236 6400 10050 
237 6200 9950 
238 6100 10050 
239 6100 9800 
240 5950 9750 
241 6000 9600 
242 6150 9200 
243 6250 8950 
244 6250 8850 
245 6350 8850 
246 6150 8600 
247 6150 8500 
248 6000 8450 
249 6000 8600 
250 5550 8950 
251 5550 8750 
252 5650 8150 
253 5550 7900 
254 5550 7650 
255 5650 7450 
256 5900 7350 
257 5950 7650 
258 6000 7850 
259 6400 8350 
260 6450 8600 
261 6500 8700 
262 6500 9000 
263 6600 9000 
264 6699 8856 
265 6699 8750 
266 6805 8749 
267 6750 8600 
268 6750 8500 
269 6600 8000 
270 6900 8350 
271 7200 8000 
272 7350 7650 
273 7000 7350 
274 7100 6750 
275 7100 6600 
276 6800 6000 
277 6603 6057 
278 6498 6057 
279 6604 5950 
280 6700 5800 
281 6600 5700 
282 6550 5500 
283 6800 5500 
284 7100 5500 
285 7100 5100 
286 7350 4900 
287 7350 4750 
288 7350 4150 
289 7350 4050 
290 7350 3900 
291 7350 3800 
292 6950 3900 
293 6850 3800 
294 6850 4050 
295 6950 4150 
296 6650 4900 
297 6700 5050 
298 6700 5300 
299 6600 5200 
300 6250 5500 
301 6106 5606 
302 5999 5607 
303 5998 5500 
304 6250 5000 
305 6100 4800 
306 6000 4450 
307 6100 4400 
308 6100 4150 
309 6000 3950 
310 6000 3800 
311 5850 3750 
312 5750 3450 
313 5850 3050 
314 6000 3200 
315 6000 3300 
316 6100 3650 
317 6148 3556 
318 6148 3450 
319 6254 3557 
320 6450 3750 
321 6450 3650 
322 6450 3450 
323 6254 3206 
324 6148 3206 
325 6148 3099 
326 6450 2950 
327 6450 2800 
328 6300 2800 
329 6150 2800 
330 6000 2800 
331 6150 2300 
332 6300 2300 
333 6450 2300 
334 8100 1700 
335 8200 1450 
336 8300 1600 
337 8700 1700 
338 8800 2000 
339 8800 2150 
340 9000 1650 
341 8900 1500 
342 9200 1450 
343 9150 1700 
344 9350 1850 
345 9650 1550 
346 9850 1550 
347 10100 1450 
348 9700 1700 
349 9600 1900 
350 9650 2050 
351 9750 2150 
352 9850 2050 
353 10150 2050 
354 10500 2000 
355 10650 2050 
356 10350 2250 
357 10150 2300 
358 10000 2250 
359 9750 2350 
360 9750 2550 
361 9800 2800 
362 10000 2750 
363 10200 2750 
364 10150 2950 
365 9950 3150 
366 9800 3100 
367 9700 3300 
368 9850 3600 
369 9950 3650 
370 10100 3750 
371 10200 3750 
372 10350 3750 
373 10350 4250 
374 10200 4250 
375 10100 4150 
376 9800 3800 
377 9700 3500 
378 9450 3500 
379 9150 3700 
380 9200 3500 
381 8850 3500 
382 8900 3300 
383 8850 3150 
384 9050 3300 
385 9250 3150 
386 9250 2950 
387 9450 3000 
388 9450 2800 
389 9450 2500 
390 9350 2350 
391 9300 2500 
392 9300 2800 
393 9050 2800 
394 8850 2950 
395 8450 2800 
396 8300 2800 
397 8150 2700 
398 8150 3200 
399 8450 3100 
400 8300 3300 
401 8100 4250 
402 8100 4650 
403 8000 5200 
404 8750 5050 
405 8850 4750 
406 8700 4650 
407 8700 4250 
408 8950 4150 
409 8950 4550 
410 9250 4400 
411 9450 4350 
412 9450 4750 
413 9250 4800 
414 9250 4950 
415 9100 4750 
416 9100 4900 
417 8997 5150 
418 9104 5256 
419 8997 5256 
420 8850 5250 
421 8850 5350 
422 8750 5550 
423 8949 5554 
424 9055 5554 
425 9054 5447 
426 9250 5450 
427 9250 6050 
428 9400 6000 
429 9550 6100 
430 9800 6050 
431 9900 6150 
432 10050 6050 
433 10150 6050 
434 9900 5500 
435 10000 5350 
436 10050 5150 
437 10400 5350 
438 10550 5350 
439 10400 5500 
440 10550 5500 
441 10500 5700 
442 10500 5850 
443 10450 6000 
444 10450 6150 
445 10300 6000 
446 10300 6150 
447 10750 6600 
448 10750 7000 
449 10300 6650 
450 10150 6550 
451 10050 6450 
452 9900 6550 
453 9900 7000 
454 9800 6550 
455 9550 6500 
456 9400 6400 
457 9250 6550 
458 9000 6700 
459 9000 6350 
460 9000 5950 
461 8850 5850 
462 8700 5950 
463 8550 5950 
464 8700 6350 
465 8550 6350 
466 8000 7000 
467 8050 7450 
468 8050 7550 
469 8650 7850 
470 9000 7800 
471 9150 7750 
472 9000 7300 
473 9200 7450 
474 9400 7450 
475 9300 7650 
476 9300 7900 
477 9400 8150 
478 9150 8250 
479 9000 8250 
480 9300 8750 
481 9300 8950 
482 9000 9250 
483 9050 9450 
484 9250 9750 
485 9050 9950 
486 9050 10150 
487 8850 10150 
488 8650 10150 
489 8950 9850 
490 8800 9700 
491 8950 9450 
492 8800 9200 
493 8650 9250 
494 8500 9500 
495 8200 9450 
496 8050 9350 
497 8050 10650 
498 8200 10450 
499 8500 10500 
500 8350 11100 
501 8500 11200 
502 8500 11400 
503 8350 11600 
504 8650 11550 
505 8650 11400 
506 8650 11150 
507 8850 11150 
508 9050 11150 
509 9350 11100 
510 9350 10850 
511 9300 10550 
512 9250 10250 
513 10350 9750 
514 10350 10250 
515 10700 10250 
516 10850 10250 
517 11000 10200 
518 11150 10300 
519 10950 10300 
520 10900 10400 
521 10700 10550 
522 10400 10550 
523 10350 10850 
524 10700 10850 
525 10800 11050 
526 10900 11050 
527 10950 11150 
528 10700 11150 
529 10350 11100 
530 10700 11650 
531 10800 11550 
532 11200 11550 
533 11100 11350 
534 11300 11350 
535 11250 11150 
536 11400 11050 
537 11700 11250 
538 11700 10650 
539 11750 10500 
540 11950 10500 
541 11950 10200 
542 11850 10250 
543 11800 10400 
544 11650 10450 
545 11450 10300 
546 11600 10200 
547 11750 10050 
548 11550 9950 
549 11750 9800 
550 11850 9750 
551 12050 9650 
552 12050 9350 
553 12050 9150 
554 12050 9000 
555 11750 9000 
556 11650 9000 
557 11700 9250 
558 11450 9150 
559 11550 9350 
560 11450 9650 
561 11450 9800 
562 11350 9800 
563 11250 10050 
564 11150 10050 
565 10950 9950 
566 10850 10050 
567 10850 9800 
568 10700 9750 
569 10750 9600 
570 10900 9200 
571 11000 8950 
572 11000 8850 
573 11100 8850 
574 10900 8600 
575 10900 8500 
576 10750 8450 
577 10750 8600 
578 10300 8950 
579 10300 8750 
580 10400 8150 
581 10300 7900 
582 10300 7650 
583 10400 7450 
584 10650 7350 
585 10700 7650 
586 10750 7850 
587 11150 8350 
588 11200 8600 
589 11250 8700 
590 11250 9000 
591 11350 9000 
592 11449 8856 
593 11449 8750 
594 11555 8749 
595 11500 8600 
596 11500 8500 
597 11350 8000 
598 11650 8350 
599 11950 8000 
600 12100 7650 
601 11750 7350 
602 11850 6750 
603 11850 6600 
604 11550 6000 
605 11353 6057 
606 11248 6057 
607 11354 5950 
608 11450 5800 
609 11350 5700 
610 11300 5500 
611 11550 5500 
612 11850 5500 
613 11850 5100 
614 12100 4900 
615 12100 4750 
616 12100 4150 
617 12100 4050 
618 12100 3900 
619 12100 3800 
620 11700 3900 
621 11600 3800 
622 11600 4050 
623 11700 4150 
624 11400 4900 
625 11450 5050 
626 11450 5300 
627 11350 5200 
628 11000 5500 
629 10856 5606 
630 10749 5607 
631 10748 5500 
632 11000 5000 
633 10850 4800 
634 10750 4450 
635 10850 4400 
636 10850 4150 
637 10750 3950 
638 10750 3800 
639 10600 3750 
640 10500 3450 
641 10600 3050 
642 10750 3200 
643 10750 3300 
644 10850 3650 
645 10898 3556 
646 10898 3450 
647 11004 3557 
648 11200 3750 
649 11200 3650 
650 11200 3450 
651 11004 3206 
652 10898 3206 
653 10898 3099 
654 11200 2950 
655 11200 2800 
656 11050 2800 
657 10900 2800 
658 10750 2800 
659 10900 2300 
660 11050 2300 
661 11200 2300 
662 12850 1700 
663 12950 1450 
664 13050 1600 
665 13450 1700 
666 13550 2000 
667 13550 2150 
668 13750 1650 
669 13650 1500 
670 13950 1450 
671 13900 1700 
672 14100 1850 
673 14400 1550 
674 14600 1550 
675 14850 1450 
676 14450 1700 
677 14350 1900 
678 14400 2050 
679 14500 2150 
680 14600 2050 
681 14900 2050 
682 15250 2000 
683 15400 2050 
684 15100 2250 
685 14900 2300 
686 14750 2250 
687 14500 2350 
688 14500 2550 
689 14550 2800 
690 14750 2750 
691 14950 2750 
692 14900 2950 
693 14700 3150 
694 14550 3100 
695 14450 3300 
696 14600 3600 
697 14700 3650 
698 14850 3750 
699 14950 3750 
700 15100 3750 
701 15100 4250 
702 14950 4250 
703 14850 4150 
704 14550 3800 
705 14450 3500 
706 14200 3500 
707 13900 3700 
708 13950 3500 
709 13600 3500 
710 13650 3300 
711 13600 3150 
712 13800 3300 
713 14000 3150 
714 14000 2950 
715 14200 3000 
716 14200 2800 
717 14200 2500 
718 14100 2350 
719 14050 2500 
720 14050 2800 
721 13800 2800 
722 13600 2950 
723 13200 2800 
724 13050 2800 
725 12900 2700 
726 12900 3200 
727 13200 3100 
728 13050 3300 
729 12850 4250 
730 12850 4650 
731 12750 5200 
732 13500 5050 
733 13600 4750 
734 13450 4650 
735 13450 4250 
736 13700 4150 
737 13700 4550 
738 14000 4400 
739 14200 4350 
740 14200 4750 
741 14000 4800 
742 14000 4950 
743 13850 4750 
744 13850 4900 
745 13747 5150 
746 13854 5256 
747 13747 5256 
748 13600 5250 
749 13600 5350 
750 13500 5550 
751 13699 5554 
752 13805 5554 
753 13804 5447 
754 14000 5450 
755 14000 6050 
756 14150 6000 
757 14300 6100 
758 14550 6050 
759 14650 6150 
760 14800 6050 
761 14900 6050 
762 14650 5500 
763 14750 5350 
764 14800 5150 
765 15150 5350 
766 15300 5350 
767 15150 5500 
768 15300 5500 
769 15250 5700 
770 15250 5850 
771 15200 6000 
772 15200 6150 
773 15050 6000 
774 15050 6150 
775 15500 6600 
776 15500 7000 
777 15050 6650 
778 14900 6550 
779 14800 6450 
780 14650 6550 
781 14650 7000 
782 14550 6550 
783 14300 6500 
784 14150 6400 
785 14000 6550 
786 13750 6700 
787 13750 6350 
788 13750 5950 
789 13600 5850 
790 13450 5950 
791 13300 5950 
792 13450 6350 
793 13300 6350 
794 12750 7000 
795 12800 7450 
796 12800 7550 
797 13400 7850 
798 13750 7800 
799 13900 7750 
800 13750 7300 
801 13950 7450 
802 14150 7450 
803 14050 7650 
804 14050 7900 
805 14150 8150 
806 13900 8250 
807 13750 8250 
808 14050 8750 
809 14050 8950 
810 13750 9250 
811 13800 9450 
812 14000 9750 
813 13800 9950 
814 13800 10150 
815 13600 10150 
816 13400 10150 
817 13700 9850 
818 13550 9700 
819 13700 9450 
820 13550 9200 
821 13400 9250 
822 13250 9500 
823 12950 9450 
824 12800 9350 
825 12800 10650 
826 12950 10450 
827 13250 10500 
828 13100 11100 
829 13250 11200 
830 13250 11400 
831 13100 11600 
832 13400 11550 
833 13400 11400 
834 13400 11150 
835 13600 11150 
836 13800 11150 
837 14100 11100 
838 14100 10850 
839 14050 10550 
840 14000 10250 
841 15100 9750 
842 15100 10250 
843 15450 10250 
844 15600 10250 
845 15750 10200 
846 15900 10300 
847 15700 10300 
848 15650 10400 
849 15450 10550 
850 15150 10550 
851 15100 10850 
852 15450 10850 
853 15550 11050 
854 15650 11050 
855 15700 11150 
856 15450 11150 
857 15100 11100 
858 15450 11650 
859 15550 11550 
860 15950 11550 
861 15850 11350 
862 16050 11350 
863 16000 11150 
864 16150 11050 
865 16450 11250 
866 16450 10650 
867 16500 10500 
868 16700 10500 
869 16700 10200 
870 16600 10250 
871 16550 10400 
872 16400 10450 
873 16200 10300 
874 16350 10200 
875 16500 10050 
876 16300 9950 
877 16500 9800 
878 16600 9750 
879 16800 9650 
880 16800 9350 
881 16800 9150 
882 16800 9000 
883 16500 9000 
884 16400 9000 
885 16450 9250 
886 16200 9150 
887 16300 9350 
888 16200 9650 
889 16200 9800 
890 16100 9800 
891 16000 10050 
892 15900 10050 
893 15700 9950 
894 15600 10050 
895 15600 9800 
896 15450 9750 
897 15500 9600 
898 15650 9200 
899 15750 8950 
900 15750 8850 
901 15850 8850 
902 15650 8600 
903 15650 8500 
904 15500 8450 
905 15500 8600 
906 15050 8950 
907 15050 8750 
908 15150 8150 
909 15050 7900 
910 15050 7650 
911 15150 7450 
912 15400 7350 
913 15450 7650 
914 15500 7850 
915 15900 8350 
916 15950 8600 
917 16000 8700 
918 16000 9000 
919 16100 9000 
920 16199 8856 
921 16199 8750 
922 16305 8749 
923 16250 8600 
924 16250 8500 
925 16100 8000 
926 16400 8350 
927 16700 8000 
928 16850 7650 
929 16500 7350 
930 16600 6750 
931 16600 6600 
932 16300 6000 
933 16103 6057 
934 15998 6057 
935 16104 5950 
936 16200 5800 
937 16100 5700 
938 16050 5500 
939 16300 5500 
940 16600 5500 
941 16600 5100 
942 16850 4900 
943 16850 4750 
944 16850 4150 
945 16850 4050 
946 16850 3900 
947 16850 3800 
948 16450 3900 
949 16350 3800 
950 16350 4050 
951 16450 4150 
952 16150 4900 
953 16200 5050 
954 16200 5300 
955 16100 5200 
956 15750 5500 
957 15606 5606 
958 15499 5607 
959 15498 5500 
960 15750 5000 
961 15600 4800 
962 15500 4450 
963 15600 4400 
964 15600 4150 
965 15500 3950 
966 15500 3800 
967 15350 3750 
968 15250 3450 
969 15350 3050 
970 15500 3200 
971 15500 3300 
972 15600 3650 
973 15648 3556 
974 15648 3450 
975 15754 3557 
976 15950 3750 
977 15950 3650 
978 15950 3450 
979 15754 3206 
980 15648 3206 
981 15648 3099 
982 15950 2950 
983 15950 2800 
984 15800 2800 
985 15650 2800 
986 15500 2800 
987 15650 2300 
988 15800 2300 
989 15950 2300 
990 6450 4950 
991 11200 4950 
992 15950 4950 
993 5050 5750 
994 5050 8450 
995 5050 11650 
996 9800 5750 
997 9800 8450 
998 9800 11650 
999 14550 5750 
1000 14550 8450 
1001 14550 11650 
