150
0 1380 939 
1 2848 96 
2 3510 1671 
3 457 334 
4 3888 666 
5 984 965 
6 2721 1482 
7 1286 525 
8 2716 1432 
9 738 1325 
10 1251 1832 
11 2728 1698 
12 3815 169 
13 3683 1533 
14 1247 1945 
15 123 862 
16 1234 1946 
17 252 1240 
18 611 673 
19 2576 1676 
20 928 1700 
21 53 857 
22 1807 1711 
23 274 1420 
24 2574 946 
25 178 24 
26 2678 1825 
27 1795 962 
28 3384 1498 
29 3520 1079 
30 1256 61 
31 1424 1728 
32 3913 192 
33 3085 1528 
34 2573 1969 
35 463 1670 
36 3875 598 
37 298 1513 
38 3479 821 
39 2542 236 
40 3955 1743 
41 1323 280 
42 3447 1830 
43 2936 337 
44 1621 1830 
45 3373 1646 
46 1393 1368 
47 3874 1318 
48 938 955 
49 3022 474 
50 2482 1183 
51 3854 923 
52 376 825 
53 2519 135 
54 2945 1622 
55 953 268 
56 2628 1479 
57 2097 981 
58 890 1846 
59 2139 1806 
60 2421 1007 
61 2290 1810 
62 1115 1052 
63 2588 302 
64 327 265 
65 241 341 
66 1917 687 
67 2991 792 
68 2573 599 
69 19 674 
70 3911 1673 
71 872 1559 
72 2863 558 
73 929 1766 
74 839 620 
75 3893 102 
76 2178 1619 
77 3822 899 
78 378 1048 
79 1178 100 
80 2599 901 
81 3416 143 
82 2961 1605 
83 611 1384 
84 3113 885 
85 2597 1830 
86 2586 1286 
87 161 906 
88 1429 134 
89 742 1025 
90 1625 1651 
91 1187 706 
92 1787 1009 
93 22 987 
94 3640 43 
95 3756 882 
96 776 392 
97 1724 1642 
98 198 1810 
99 3950 1558 
100 3477 949 
101 91 1732 
102 3972 329 
103 198 1632 
104 1806 733 
105 538 1023 
106 3430 1088 
107 2186 766 
108 1513 1646 
109 2143 1611 
110 53 1657 
111 3404 1307 
112 1034 1344 
113 2823 376 
114 3104 1931 
115 3232 324 
116 2790 1457 
117 374 9 
118 741 146 
119 3083 1938 
120 3502 1067 
121 1280 237 
122 3326 1846 
123 217 38 
124 2503 1172 
125 3527 41 
126 739 1850 
127 3548 1999 
128 48 154 
129 1419 872 
130 1689 1223 
131 3468 1404 
132 1628 253 
133 382 872 
134 3029 1242 
135 3646 1758 
136 285 1029 
137 1782 93 
138 1067 371 
139 2849 1214 
140 920 1835 
141 1741 712 
142 876 220 
143 2753 283 
144 2609 1286 
145 3941 258 
146 3613 523 
147 1754 559 
148 2916 1724 
149 2445 1820 
