575
0 6 18 
1 11 0 
2 24 6 
3 36 13 
4 41 19 
5 51 5 
6 64 9 
7 71 15 
8 86 1 
9 95 1 
10 104 18 
11 119 14 
12 120 17 
13 132 8 
14 148 13 
15 158 20 
16 163 5 
17 178 11 
18 185 20 
19 196 19 
20 207 19 
21 217 9 
22 229 11 
23 5 32 
24 12 23 
25 28 27 
26 31 26 
27 45 34 
28 55 37 
29 67 23 
30 75 34 
31 85 35 
32 99 28 
33 108 21 
34 113 27 
35 122 40 
36 131 39 
37 141 40 
38 151 28 
39 166 27 
40 177 23 
41 182 22 
42 191 25 
43 203 32 
44 211 28 
45 224 24 
46 1 55 
47 18 42 
48 26 50 
49 38 49 
50 42 60 
51 57 42 
52 69 41 
53 79 55 
54 85 52 
55 95 48 
56 102 43 
57 114 42 
58 121 45 
59 135 55 
60 146 51 
61 159 47 
62 161 49 
63 171 48 
64 181 52 
65 194 52 
66 208 50 
67 214 52 
68 223 46 
69 1 71 
70 14 73 
71 25 61 
72 35 63 
73 42 65 
74 54 79 
75 65 69 
76 73 69 
77 81 70 
78 98 66 
79 105 60 
80 115 77 
81 125 65 
82 135 71 
83 143 77 
84 151 77 
85 162 65 
86 175 64 
87 187 74 
88 197 67 
89 202 68 
90 215 78 
91 225 62 
92 8 83 
93 16 89 
94 20 99 
95 34 85 
96 47 86 
97 56 86 
98 67 92 
99 78 84 
100 84 95 
101 99 93 
102 101 97 
103 115 92 
104 127 97 
105 132 87 
106 149 95 
107 156 100 
108 164 95 
109 171 81 
110 189 100 
111 198 89 
112 208 81 
113 216 92 
114 229 86 
115 1 100 
116 12 102 
117 22 113 
118 37 103 
119 48 104 
120 56 113 
121 68 119 
122 72 100 
123 81 110 
124 98 107 
125 103 103 
126 112 120 
127 130 120 
128 136 104 
129 142 120 
130 157 106 
131 164 112 
132 174 119 
133 184 101 
134 198 115 
135 202 115 
136 212 118 
137 229 101 
138 6 127 
139 12 140 
140 22 121 
141 31 132 
142 41 132 
143 53 124 
144 62 136 
145 80 126 
146 84 123 
147 98 126 
148 108 130 
149 115 134 
150 128 125 
151 136 133 
152 145 134 
153 152 131 
154 167 127 
155 171 135 
156 184 139 
157 199 124 
158 202 127 
159 217 128 
160 225 121 
161 8 148 
162 16 148 
163 27 149 
164 37 155 
165 42 150 
166 54 144 
167 65 145 
168 75 142 
169 82 144 
170 91 151 
171 101 143 
172 115 142 
173 127 157 
174 139 157 
175 147 159 
176 155 159 
177 163 142 
178 177 154 
179 183 149 
180 199 157 
181 201 145 
182 218 144 
183 228 158 
184 3 166 
185 18 178 
186 29 172 
187 33 171 
188 43 173 
189 52 168 
190 68 175 
191 73 164 
192 82 173 
193 93 165 
194 101 173 
195 117 172 
196 124 177 
197 139 175 
198 145 177 
199 151 177 
200 166 165 
201 178 169 
202 181 161 
203 199 166 
204 208 173 
205 219 172 
206 223 171 
207 8 190 
208 15 183 
209 24 194 
210 34 196 
211 42 185 
212 51 198 
213 65 199 
214 72 195 
215 83 191 
216 96 183 
217 107 195 
218 117 191 
219 123 194 
220 132 184 
221 148 188 
222 158 199 
223 165 184 
224 174 193 
225 184 186 
226 190 195 
227 209 194 
228 219 180 
229 226 192 
230 1 210 
231 17 207 
232 22 201 
233 34 213 
234 44 213 
235 56 202 
236 62 209 
237 74 213 
238 89 209 
239 95 212 
240 108 205 
241 119 218 
242 124 203 
243 133 208 
244 141 207 
245 157 211 
246 167 213 
247 176 210 
248 182 201 
249 196 218 
250 205 219 
251 219 218 
252 228 208 
253 6 222 
254 11 234 
255 21 222 
256 38 239 
257 48 227 
258 50 231 
259 63 232 
260 73 240 
261 87 234 
262 96 237 
263 102 228 
264 118 224 
265 128 229 
266 137 221 
267 147 227 
268 151 224 
269 169 233 
270 177 225 
271 185 220 
272 193 238 
273 207 229 
274 214 230 
275 224 234 
276 6 240 
277 14 257 
278 23 253 
279 36 247 
280 49 254 
281 51 242 
282 64 251 
283 71 258 
284 81 260 
285 92 242 
286 102 254 
287 118 253 
288 123 244 
289 133 241 
290 148 254 
291 155 240 
292 161 250 
293 173 257 
294 181 254 
295 192 256 
296 205 251 
297 218 254 
298 229 241 
299 2 277 
300 15 275 
301 22 267 
302 32 274 
303 44 269 
304 57 278 
305 64 261 
306 71 273 
307 81 278 
308 96 272 
309 102 272 
310 115 271 
311 120 280 
312 135 278 
313 149 261 
314 158 263 
315 163 270 
316 175 273 
317 185 265 
318 200 276 
319 204 273 
320 215 263 
321 227 265 
322 4 300 
323 13 293 
324 22 287 
325 38 297 
326 41 296 
327 54 286 
328 68 296 
329 71 281 
330 86 288 
331 96 285 
332 101 296 
333 119 292 
334 122 292 
335 140 293 
336 147 300 
337 158 290 
338 163 286 
339 174 294 
340 187 298 
341 199 290 
342 203 280 
343 216 281 
344 226 288 
345 9 310 
346 17 308 
347 24 308 
348 31 305 
349 41 305 
350 52 313 
351 65 315 
352 72 311 
353 87 313 
354 93 303 
355 104 307 
356 112 305 
357 122 307 
358 135 317 
359 147 313 
360 157 314 
361 163 306 
362 177 316 
363 188 306 
364 195 302 
365 208 301 
366 215 313 
367 221 308 
368 1 338 
369 18 331 
370 27 324 
371 37 338 
372 46 332 
373 54 327 
374 62 337 
375 71 328 
376 81 338 
377 98 325 
378 108 322 
379 112 327 
380 124 329 
381 138 338 
382 145 322 
383 151 337 
384 162 324 
385 179 320 
386 182 340 
387 196 335 
388 209 340 
389 212 324 
390 229 333 
391 9 352 
392 17 341 
393 24 344 
394 37 340 
395 46 357 
396 57 348 
397 68 351 
398 77 352 
399 85 349 
400 96 349 
401 109 358 
402 112 343 
403 122 345 
404 131 350 
405 143 357 
406 151 356 
407 163 354 
408 176 344 
409 185 340 
410 199 341 
411 203 343 
412 213 340 
413 225 357 
414 7 376 
415 17 371 
416 22 376 
417 34 362 
418 41 364 
419 56 374 
420 62 365 
421 74 362 
422 82 379 
423 96 379 
424 106 370 
425 119 370 
426 127 376 
427 136 372 
428 143 368 
429 156 375 
430 168 365 
431 178 370 
432 189 366 
433 191 368 
434 204 376 
435 213 369 
436 229 367 
437 4 396 
438 17 392 
439 29 394 
440 39 380 
441 45 391 
442 56 398 
443 66 390 
444 75 394 
445 88 400 
446 96 392 
447 102 393 
448 119 382 
449 126 393 
450 135 391 
451 143 397 
452 156 397 
453 167 396 
454 171 389 
455 186 387 
456 193 397 
457 208 399 
458 212 399 
459 226 385 
460 9 419 
461 18 409 
462 25 407 
463 39 407 
464 41 406 
465 59 414 
466 61 401 
467 78 406 
468 89 418 
469 94 418 
470 108 401 
471 117 404 
472 128 403 
473 136 412 
474 147 410 
475 158 404 
476 167 405 
477 175 419 
478 189 403 
479 193 419 
480 202 418 
481 215 407 
482 224 416 
483 2 421 
484 11 430 
485 29 421 
486 33 439 
487 46 432 
488 54 438 
489 67 426 
490 79 423 
491 84 433 
492 96 435 
493 104 427 
494 114 432 
495 125 435 
496 135 422 
497 142 431 
498 150 430 
499 166 430 
500 178 437 
501 181 439 
502 191 436 
503 204 438 
504 211 425 
505 227 439 
506 1 451 
507 16 459 
508 27 449 
509 33 451 
510 43 445 
511 57 443 
512 67 458 
513 77 441 
514 84 454 
515 92 440 
516 102 460 
517 116 451 
518 126 444 
519 134 449 
520 147 447 
521 154 446 
522 167 444 
523 177 449 
524 189 451 
525 198 446 
526 203 455 
527 213 449 
528 221 450 
529 7 475 
530 19 480 
531 23 477 
532 33 480 
533 43 474 
534 54 474 
535 68 472 
536 74 464 
537 85 466 
538 94 475 
539 108 470 
540 113 461 
541 129 470 
542 136 473 
543 143 461 
544 153 478 
545 160 470 
546 172 479 
547 181 469 
548 198 460 
549 206 464 
550 217 478 
551 228 473 
552 9 498 
553 16 494 
554 24 496 
555 33 490 
556 46 481 
557 51 499 
558 69 491 
559 71 484 
560 85 485 
561 93 481 
562 106 485 
563 117 482 
564 121 482 
565 136 497 
566 143 489 
567 156 480 
568 165 492 
569 176 488 
570 183 499 
571 192 493 
572 201 494 
573 212 491 
574 226 482 
