107
0 8375 4700 
1 8775 4700 
2 8375 4900 
3 8175 4900 
4 8775 4900 
5 8575 4900 
6 8775 5400 
7 8375 5450 
8 8775 5600 
9 8575 5600 
10 8375 5650 
11 8175 5650 
12 8375 6200 
13 8775 6200 
14 8375 6400 
15 8175 6400 
16 8775 6400 
17 8575 6400 
18 8375 7000 
19 8775 7000 
20 8375 7200 
21 8175 7200 
22 8775 7200 
23 8575 7200 
24 8375 7800 
25 8775 7800 
26 8375 8000 
27 8175 8000 
28 8775 8000 
29 8575 8000 
30 8375 8700 
31 8775 8700 
32 8375 8900 
33 8175 8900 
34 8775 8900 
35 8575 8900 
36 8375 9600 
37 8775 9600 
38 8375 9800 
39 8175 9800 
40 8775 9800 
41 8575 9800 
42 8375 10500 
43 8775 10450 
44 8375 10700 
45 8175 10700 
46 8775 10650 
47 8575 10650 
48 8375 11300 
49 8775 11300 
50 8375 11500 
51 8175 11500 
52 8775 11500 
53 8575 11500 
54 15825 11500 
55 15825 10700 
56 15825 9800 
57 15825 8900 
58 15825 8000 
59 15825 7200 
60 15825 6400 
61 15825 5650 
62 15825 4900 
63 16025 4700 
64 16425 4700 
65 16025 4900 
66 16225 4900 
67 16425 4900 
68 16425 5400 
69 16025 5450 
70 16225 5600 
71 16425 5600 
72 16025 5650 
73 16025 6200 
74 16425 6200 
75 16025 6400 
76 16225 6400 
77 16425 6400 
78 16025 7000 
79 16425 7000 
80 16025 7200 
81 16225 7200 
82 16425 7200 
83 16025 7800 
84 16425 7800 
85 16025 8000 
86 16225 8000 
87 16425 8000 
88 16025 8700 
89 16425 8700 
90 16025 8900 
91 16225 8900 
92 16425 8900 
93 16025 9600 
94 16425 9600 
95 16025 9800 
96 16225 9800 
97 16425 9800 
98 16025 10500 
99 16425 10450 
100 16025 10700 
101 16225 10650 
102 16425 10650 
103 16025 11300 
104 16425 11300 
105 16025 11500 
106 16225 11500 
