100
0 3477 949 
1 91 1732 
2 3972 329 
3 198 1632 
4 1806 733 
5 538 1023 
6 3430 1088 
7 2186 766 
8 1513 1646 
9 2143 1611 
10 53 1657 
11 3404 1307 
12 1034 1344 
13 2823 376 
14 3104 1931 
15 3232 324 
16 2790 1457 
17 374 9 
18 741 146 
19 3083 1938 
20 3502 1067 
21 1280 237 
22 3326 1846 
23 217 38 
24 2503 1172 
25 3527 41 
26 739 1850 
27 3548 1999 
28 48 154 
29 1419 872 
30 1689 1223 
31 3468 1404 
32 1628 253 
33 382 872 
34 3029 1242 
35 3646 1758 
36 285 1029 
37 1782 93 
38 1067 371 
39 2849 1214 
40 920 1835 
41 1741 712 
42 876 220 
43 2753 283 
44 2609 1286 
45 3941 258 
46 3613 523 
47 1754 559 
48 2916 1724 
49 2445 1820 
50 3825 1101 
51 2779 435 
52 201 693 
53 2502 1274 
54 765 833 
55 3105 1823 
56 1937 1400 
57 3364 1498 
58 3702 1624 
59 2164 1874 
60 3019 189 
61 3098 1594 
62 3239 1376 
63 3359 1693 
64 2081 1011 
65 1398 1100 
66 618 1953 
67 1878 59 
68 3803 886 
69 397 1217 
70 3035 152 
71 2502 146 
72 3230 380 
73 3479 1023 
74 958 1670 
75 3423 1241 
76 78 1066 
77 96 691 
78 3431 78 
79 2053 1461 
80 3048 1 
81 571 1711 
82 3393 782 
83 2835 1472 
84 144 1185 
85 923 108 
86 989 1997 
87 3061 1211 
88 2977 39 
89 1668 658 
90 878 715 
91 678 1599 
92 1086 868 
93 640 110 
94 3551 1673 
95 106 1267 
96 2243 1332 
97 3796 1401 
98 2643 1320 
99 48 267 
