200
0 3140 1401 
1 556 1056 
2 3675 1522 
3 1182 1853 
4 3595 111 
5 962 1895 
6 2030 1186 
7 3507 1851 
8 2642 1269 
9 3438 901 
10 3858 1472 
11 2937 1568 
12 376 1018 
13 839 1355 
14 706 1925 
15 749 920 
16 298 615 
17 694 552 
18 387 190 
19 2801 695 
20 3133 1143 
21 1517 266 
22 1538 224 
23 844 520 
24 2639 1239 
25 3123 217 
26 2489 1520 
27 3834 1827 
28 3417 1808 
29 2938 543 
30 71 1323 
31 3245 1828 
32 731 1741 
33 2312 1270 
34 2426 1851 
35 380 478 
36 2310 635 
37 2830 775 
38 3829 513 
39 3684 445 
40 171 514 
41 627 1261 
42 1490 1123 
43 61 81 
44 422 542 
45 2698 1221 
46 2372 127 
47 177 1390 
48 3084 748 
49 1213 910 
50 3 1817 
51 1782 995 
52 3896 742 
53 1829 812 
54 1286 550 
55 3017 108 
56 2132 1432 
57 2000 1110 
58 3317 1966 
59 1729 1498 
60 2408 1747 
61 3292 152 
62 193 1210 
63 782 1462 
64 2503 352 
65 1697 1924 
66 3821 147 
67 3370 791 
68 3162 367 
69 3938 516 
70 2741 1583 
71 2330 741 
72 3918 1088 
73 1794 1589 
74 2929 485 
75 3453 1998 
76 896 705 
77 399 850 
78 2614 195 
79 2800 653 
80 2630 20 
81 563 1513 
82 1090 1652 
83 2009 1163 
84 3876 1165 
85 3084 774 
86 1526 1612 
87 1612 328 
88 1423 1322 
89 3058 1276 
90 3782 1865 
91 347 252 
92 3904 1444 
93 2191 1579 
94 3220 1454 
95 468 319 
96 3611 1968 
97 3114 1629 
98 3515 1892 
99 3060 155 
100 2995 264 
101 202 233 
102 981 848 
103 1346 408 
104 781 670 
105 1009 1001 
106 2927 1777 
107 2982 949 
108 555 1121 
109 464 1302 
110 3452 637 
111 571 1982 
112 2656 128 
113 1623 1723 
114 2067 694 
115 1725 927 
116 3600 459 
117 1109 1196 
118 366 339 
119 778 1282 
120 386 1616 
121 3918 1217 
122 3332 1049 
123 2597 349 
124 811 1295 
125 241 1069 
126 2658 360 
127 394 1944 
128 3786 1862 
129 264 36 
130 2050 1833 
131 3538 125 
132 1646 1817 
133 2993 624 
134 547 25 
135 3373 1902 
136 460 267 
137 3060 781 
138 1828 456 
139 1021 962 
140 2347 388 
141 3535 1112 
142 1529 581 
143 1203 385 
144 1787 1902 
145 2740 1101 
146 555 1753 
147 47 363 
148 3935 540 
149 3062 329 
150 387 199 
151 2901 920 
152 931 512 
153 1766 692 
154 401 980 
155 149 1629 
156 2214 1977 
157 3805 1619 
158 1179 969 
159 1017 333 
160 2834 1512 
161 634 294 
162 1819 814 
163 1393 859 
164 1768 1578 
165 3023 871 
166 3248 1906 
167 1632 1742 
168 2223 990 
169 3868 697 
170 1541 354 
171 2374 1944 
172 1962 389 
173 3007 1524 
174 3220 1945 
175 2356 1568 
176 1604 706 
177 2028 1736 
178 2581 121 
179 2221 1578 
180 2944 632 
181 1082 1561 
182 997 942 
183 2334 523 
184 1264 1090 
185 1699 1294 
186 235 1059 
187 2592 248 
188 3642 699 
189 3599 514 
190 1766 678 
191 240 619 
192 1272 246 
193 3503 301 
194 80 1533 
195 1677 1238 
196 3766 154 
197 3946 459 
198 1994 1852 
199 278 165 
