150
0 1357 1905 
1 2650 802 
2 1774 107 
3 1307 964 
4 3806 746 
5 2687 1353 
6 43 1957 
7 3092 1668 
8 185 1542 
9 834 629 
10 40 462 
11 1183 1391 
12 2048 1628 
13 1097 643 
14 1838 1732 
15 234 1118 
16 3314 1881 
17 737 1285 
18 779 777 
19 2312 1949 
20 2576 189 
21 3078 1541 
22 2781 478 
23 705 1812 
24 3409 1917 
25 323 1714 
26 1660 1556 
27 3729 1188 
28 693 1383 
29 2361 640 
30 2433 1538 
31 554 1825 
32 913 317 
33 3586 1909 
34 2636 727 
35 1000 457 
36 482 1337 
37 3704 1082 
38 3635 1174 
39 1362 1526 
40 2049 417 
41 2552 1909 
42 3939 640 
43 219 898 
44 812 351 
45 901 1552 
46 2513 1572 
47 242 584 
48 826 1226 
49 3278 799 
50 86 1065 
51 14 454 
52 1327 1893 
53 2773 1286 
54 2469 1838 
55 3835 963 
56 1031 428 
57 3853 1712 
58 1868 197 
59 1544 863 
60 457 1607 
61 3174 1064 
62 192 1004 
63 2318 1925 
64 2232 1374 
65 396 828 
66 2365 1649 
67 2499 658 
68 1410 307 
69 2990 214 
70 3646 1018 
71 3394 1028 
72 1779 90 
73 1058 372 
74 2933 1459 
75 3099 173 
76 2178 978 
77 138 1610 
78 2082 1753 
79 2302 1127 
80 805 272 
81 22 1617 
82 3213 1085 
83 99 536 
84 1533 1780 
85 3564 676 
86 29 6 
87 3808 1375 
88 2221 291 
89 3499 1885 
90 3124 408 
91 781 671 
92 1027 1041 
93 3249 378 
94 3297 491 
95 213 220 
96 721 186 
97 3736 1542 
98 868 731 
99 960 303 
100 3825 1101 
101 2779 435 
102 201 693 
103 2502 1274 
104 765 833 
105 3105 1823 
106 1937 1400 
107 3364 1498 
108 3702 1624 
109 2164 1874 
110 3019 189 
111 3098 1594 
112 3239 1376 
113 3359 1693 
114 2081 1011 
115 1398 1100 
116 618 1953 
117 1878 59 
118 3803 886 
119 397 1217 
120 3035 152 
121 2502 146 
122 3230 380 
123 3479 1023 
124 958 1670 
125 3423 1241 
126 78 1066 
127 96 691 
128 3431 78 
129 2053 1461 
130 3048 1 
131 571 1711 
132 3393 782 
133 2835 1472 
134 144 1185 
135 923 108 
136 989 1997 
137 3061 1211 
138 2977 39 
139 1668 658 
140 878 715 
141 678 1599 
142 1086 868 
143 640 110 
144 3551 1673 
145 106 1267 
146 2243 1332 
147 3796 1401 
148 2643 1320 
149 48 267 
