127
0 9860 14152 
1 9396 14616 
2 11252 14848 
3 11020 13456 
4 9512 15776 
5 10788 13804 
6 10208 14384 
7 11600 13456 
8 11252 14036 
9 10672 15080 
10 11136 14152 
11 9860 13108 
12 10092 14964 
13 9512 13340 
14 10556 13688 
15 9628 14036 
16 10904 13108 
17 11368 12644 
18 11252 13340 
19 10672 13340 
20 11020 13108 
21 11020 13340 
22 11136 13572 
23 11020 13688 
24 8468 11136 
25 8932 12064 
26 9512 12412 
27 7772 11020 
28 8352 10672 
29 9164 12876 
30 9744 12528 
31 8352 10324 
32 8236 11020 
33 8468 12876 
34 8700 14036 
35 8932 13688 
36 9048 13804 
37 8468 12296 
38 8352 12644 
39 8236 13572 
40 9164 13340 
41 8004 12760 
42 8584 13108 
43 7772 14732 
44 7540 15080 
45 7424 17516 
46 8352 17052 
47 7540 16820 
48 7888 17168 
49 9744 15196 
50 9164 14964 
51 9744 16240 
52 7888 16936 
53 8236 15428 
54 9512 17400 
55 9164 16008 
56 8700 15312 
57 11716 16008 
58 12992 14964 
59 12412 14964 
60 12296 15312 
61 12528 15196 
62 15312 6612 
63 11716 16124 
64 11600 19720 
65 10324 17516 
66 12412 13340 
67 12876 12180 
68 13688 10904 
69 13688 11716 
70 13688 12528 
71 11484 13224 
72 12296 12760 
73 12064 12528 
74 12644 10556 
75 11832 11252 
76 11368 12296 
77 11136 11020 
78 10556 11948 
79 10324 11716 
80 11484 9512 
81 11484 7540 
82 11020 7424 
83 11484 9744 
84 16936 12180 
85 17052 12064 
86 16936 11832 
87 17052 11600 
88 13804 18792 
89 12064 14964 
90 12180 15544 
91 14152 18908 
92 5104 14616 
93 6496 17168 
94 5684 13224 
95 15660 10788 
96 5336 10324 
97 812 6264 
98 14384 20184 
99 11252 15776 
100 9744 3132 
101 10904 3480 
102 7308 14848 
103 16472 16472 
104 10440 14036 
105 10672 13804 
106 1160 18560 
107 10788 13572 
108 15660 11368 
109 15544 12760 
110 5336 18908 
111 6264 19140 
112 11832 17516 
113 10672 14152 
114 10208 15196 
115 12180 14848 
116 11020 10208 
117 7656 17052 
118 16240 8352 
119 10440 14732 
120 9164 15544 
121 8004 11020 
122 5684 11948 
123 9512 16472 
124 13688 17516 
125 11484 8468 
126 3248 14152 
