144
0 4350 4425 
1 4500 4425 
2 4300 4725 
3 4300 4825 
4 4300 4950 
5 4300 5050 
6 4350 8875 
7 4500 8875 
8 4300 9175 
9 4300 9275 
10 4300 9400 
11 4300 9500 
12 4950 10600 
13 5150 10600 
14 5525 9525 
15 5525 9425 
16 5525 9225 
17 5525 9125 
18 4950 8875 
19 5250 8875 
20 5550 8875 
21 4950 6150 
22 5150 6150 
23 5525 5075 
24 5525 4975 
25 5525 4775 
26 5525 4675 
27 4950 4425 
28 5250 4425 
29 5550 4425 
30 5875 2325 
31 5875 2475 
32 5875 2625 
33 5875 2775 
34 5675 4825 
35 5675 4925 
36 5875 6775 
37 5875 6925 
38 5875 7075 
39 5875 7225 
40 5675 9275 
41 5675 9375 
42 8125 10150 
43 8225 10150 
44 8325 10150 
45 8125 5700 
46 8225 5700 
47 8325 5700 
48 8675 3150 
49 8675 3250 
50 8675 3350 
51 8675 3450 
52 8675 3550 
53 8675 3650 
54 8675 3750 
55 8675 3850 
56 8675 3950 
57 8675 4050 
58 8425 5700 
59 8525 5700 
60 8675 7600 
61 8675 7700 
62 8675 7800 
63 8675 7900 
64 8675 8000 
65 8675 8100 
66 8675 8200 
67 8675 8300 
68 8675 8400 
69 8675 8500 
70 8425 10150 
71 8525 10150 
72 10850 9500 
73 10850 9400 
74 10850 9275 
75 10850 9175 
76 10900 8875 
77 11050 8875 
78 10850 5050 
79 10850 4950 
80 10850 4825 
81 10850 4725 
82 10900 4425 
83 11050 4425 
84 11500 4425 
85 11800 4425 
86 11500 6150 
87 11700 6150 
88 11500 8875 
89 11800 8875 
90 11500 10600 
91 11700 10600 
92 12075 9525 
93 12075 9425 
94 12225 9375 
95 12225 9275 
96 12075 9225 
97 12075 9125 
98 12100 8875 
99 12425 7225 
100 12425 7075 
101 12425 6925 
102 12425 6775 
103 12075 5075 
104 12075 4975 
105 12225 4925 
106 12225 4825 
107 12075 4775 
108 12075 4675 
109 12100 4425 
110 12425 2775 
111 12425 2625 
112 12425 2475 
113 12425 2325 
114 14675 5700 
115 14675 10150 
116 14775 10150 
117 14875 10150 
118 14975 10150 
119 15075 10150 
120 15225 8500 
121 15225 8400 
122 15225 8300 
123 15225 8200 
124 15225 8100 
125 15225 8000 
126 15225 7900 
127 15225 7800 
128 15225 7700 
129 15225 7600 
130 14775 5700 
131 14875 5700 
132 14975 5700 
133 15075 5700 
134 15225 4050 
135 15225 3950 
136 15225 3850 
137 15225 3750 
138 15225 3650 
139 15225 3550 
140 15225 3450 
141 15225 3350 
142 15225 3250 
143 15225 3150 
