152
0 2100 1850 
1 2100 3000 
2 2100 4400 
3 2100 5550 
4 2100 6950 
5 2100 8100 
6 2100 9500 
7 2100 10650 
8 2348 11205 
9 2350 10050 
10 2348 8655 
11 2350 7500 
12 2348 6105 
13 2350 4950 
14 2348 3555 
15 2350 2400 
16 2625 11175 
17 2775 10995 
18 2625 10025 
19 2634 9748 
20 2607 9831 
21 2625 8625 
22 2775 8445 
23 2625 7475 
24 2607 7281 
25 2634 7198 
26 2625 6075 
27 2775 5895 
28 2625 4925 
29 2607 4731 
30 2634 4648 
31 2625 3525 
32 2775 3345 
33 2625 2375 
34 2634 2098 
35 2607 2181 
36 2825 3025 
37 2825 5575 
38 2825 8125 
39 2825 10675 
40 8349 10106 
41 8353 9397 
42 8349 7556 
43 8353 6847 
44 8349 5006 
45 8353 4297 
46 8349 2456 
47 8353 1747 
48 8474 1777 
49 8576 1803 
50 8575 2325 
51 8474 4327 
52 8576 4353 
53 8575 4875 
54 8474 6877 
55 8576 6903 
56 8575 7425 
57 8474 9427 
58 8576 9453 
59 8575 9975 
60 8625 9875 
61 8675 9675 
62 8675 9525 
63 8669 9450 
64 8625 7325 
65 8675 7125 
66 8675 6975 
67 8669 6900 
68 8625 4775 
69 8675 4575 
70 8675 4425 
71 8669 4350 
72 8625 2225 
73 8675 1875 
74 8675 2025 
75 8669 1800 
76 9250 1850 
77 9250 3000 
78 9250 4400 
79 9250 5550 
80 9250 6950 
81 9250 8100 
82 9250 9500 
83 9250 10650 
84 9498 11205 
85 9500 10050 
86 9498 8655 
87 9500 7500 
88 9498 6105 
89 9500 4950 
90 9498 3555 
91 9500 2400 
92 9784 2098 
93 9757 2181 
94 9775 2375 
95 9775 3525 
96 9784 4648 
97 9757 4731 
98 9775 4925 
99 9775 6075 
100 9784 7198 
101 9757 7281 
102 9775 7475 
103 9775 8625 
104 9784 9748 
105 9757 9831 
106 9775 10025 
107 9775 11175 
108 9925 10995 
109 9975 10675 
110 9925 8445 
111 9975 8125 
112 9925 5895 
113 9975 5575 
114 9925 3345 
115 9975 3025 
116 15499 10106 
117 15503 9397 
118 15499 7556 
119 15503 6847 
120 15499 5006 
121 15503 4297 
122 15499 2456 
123 15503 1747 
124 15624 1777 
125 15726 1803 
126 15775 2225 
127 15725 2325 
128 15624 4327 
129 15726 4353 
130 15775 4775 
131 15725 4875 
132 15624 6877 
133 15726 6903 
134 15775 7325 
135 15725 7425 
136 15624 9427 
137 15726 9453 
138 15775 9875 
139 15725 9975 
140 15825 9675 
141 15825 9525 
142 15819 9450 
143 15825 7125 
144 15825 6975 
145 15819 6900 
146 15825 4575 
147 15825 4425 
148 15819 4350 
149 15825 1875 
150 15825 2025 
151 15819 1800 
