200
0 1357 1905 
1 2650 802 
2 1774 107 
3 1307 964 
4 3806 746 
5 2687 1353 
6 43 1957 
7 3092 1668 
8 185 1542 
9 834 629 
10 40 462 
11 1183 1391 
12 2048 1628 
13 1097 643 
14 1838 1732 
15 234 1118 
16 3314 1881 
17 737 1285 
18 779 777 
19 2312 1949 
20 2576 189 
21 3078 1541 
22 2781 478 
23 705 1812 
24 3409 1917 
25 323 1714 
26 1660 1556 
27 3729 1188 
28 693 1383 
29 2361 640 
30 2433 1538 
31 554 1825 
32 913 317 
33 3586 1909 
34 2636 727 
35 1000 457 
36 482 1337 
37 3704 1082 
38 3635 1174 
39 1362 1526 
40 2049 417 
41 2552 1909 
42 3939 640 
43 219 898 
44 812 351 
45 901 1552 
46 2513 1572 
47 242 584 
48 826 1226 
49 3278 799 
50 86 1065 
51 14 454 
52 1327 1893 
53 2773 1286 
54 2469 1838 
55 3835 963 
56 1031 428 
57 3853 1712 
58 1868 197 
59 1544 863 
60 457 1607 
61 3174 1064 
62 192 1004 
63 2318 1925 
64 2232 1374 
65 396 828 
66 2365 1649 
67 2499 658 
68 1410 307 
69 2990 214 
70 3646 1018 
71 3394 1028 
72 1779 90 
73 1058 372 
74 2933 1459 
75 3099 173 
76 2178 978 
77 138 1610 
78 2082 1753 
79 2302 1127 
80 805 272 
81 22 1617 
82 3213 1085 
83 99 536 
84 1533 1780 
85 3564 676 
86 29 6 
87 3808 1375 
88 2221 291 
89 3499 1885 
90 3124 408 
91 781 671 
92 1027 1041 
93 3249 378 
94 3297 491 
95 213 220 
96 721 186 
97 3736 1542 
98 868 731 
99 960 303 
100 1380 939 
101 2848 96 
102 3510 1671 
103 457 334 
104 3888 666 
105 984 965 
106 2721 1482 
107 1286 525 
108 2716 1432 
109 738 1325 
110 1251 1832 
111 2728 1698 
112 3815 169 
113 3683 1533 
114 1247 1945 
115 123 862 
116 1234 1946 
117 252 1240 
118 611 673 
119 2576 1676 
120 928 1700 
121 53 857 
122 1807 1711 
123 274 1420 
124 2574 946 
125 178 24 
126 2678 1825 
127 1795 962 
128 3384 1498 
129 3520 1079 
130 1256 61 
131 1424 1728 
132 3913 192 
133 3085 1528 
134 2573 1969 
135 463 1670 
136 3875 598 
137 298 1513 
138 3479 821 
139 2542 236 
140 3955 1743 
141 1323 280 
142 3447 1830 
143 2936 337 
144 1621 1830 
145 3373 1646 
146 1393 1368 
147 3874 1318 
148 938 955 
149 3022 474 
150 2482 1183 
151 3854 923 
152 376 825 
153 2519 135 
154 2945 1622 
155 953 268 
156 2628 1479 
157 2097 981 
158 890 1846 
159 2139 1806 
160 2421 1007 
161 2290 1810 
162 1115 1052 
163 2588 302 
164 327 265 
165 241 341 
166 1917 687 
167 2991 792 
168 2573 599 
169 19 674 
170 3911 1673 
171 872 1559 
172 2863 558 
173 929 1766 
174 839 620 
175 3893 102 
176 2178 1619 
177 3822 899 
178 378 1048 
179 1178 100 
180 2599 901 
181 3416 143 
182 2961 1605 
183 611 1384 
184 3113 885 
185 2597 1830 
186 2586 1286 
187 161 906 
188 1429 134 
189 742 1025 
190 1625 1651 
191 1187 706 
192 1787 1009 
193 22 987 
194 3640 43 
195 3756 882 
196 776 392 
197 1724 1642 
198 198 1810 
199 3950 1558 
