136
0 5300 1965 
1 7275 1965 
2 12450 1965 
3 14425 1965 
4 4118 2275 
5 4743 2275 
6 5935 2275 
7 6560 2275 
8 11268 2275 
9 11893 2275 
10 13085 2275 
11 13710 2275 
12 14425 2590 
13 12450 2590 
14 10250 2675 
15 7275 2590 
16 5300 2590 
17 3100 2675 
18 5300 2760 
19 7275 2760 
20 12450 2760 
21 14425 2760 
22 13710 3075 
23 13085 3075 
24 11893 3075 
25 11268 3075 
26 6560 3075 
27 5935 3075 
28 4743 3075 
29 4118 3075 
30 5300 3385 
31 7275 3385 
32 12450 3385 
33 14425 3385 
34 14425 4515 
35 12450 4515 
36 7275 4515 
37 5300 4515 
38 4118 4825 
39 4743 4825 
40 5935 4825 
41 6560 4825 
42 11268 4825 
43 11893 4825 
44 13085 4825 
45 13710 4825 
46 14425 5140 
47 12450 5140 
48 10250 5225 
49 7275 5140 
50 5300 5140 
51 3100 5225 
52 5300 5310 
53 7275 5310 
54 12450 5310 
55 14425 5310 
56 13710 5625 
57 13085 5625 
58 11893 5625 
59 11268 5625 
60 6560 5625 
61 5935 5625 
62 4743 5625 
63 4118 5625 
64 5300 5935 
65 7275 5935 
66 12450 5935 
67 14425 5935 
68 14425 7065 
69 12450 7065 
70 7275 7065 
71 5300 7065 
72 4118 7375 
73 4743 7375 
74 5935 7375 
75 6560 7375 
76 11268 7375 
77 11893 7375 
78 13085 7375 
79 13710 7375 
80 14425 7690 
81 12450 7690 
82 7275 7690 
83 5300 7690 
84 3100 7775 
85 5300 7860 
86 7275 7860 
87 10250 7775 
88 12450 7860 
89 14425 7860 
90 13710 8175 
91 13085 8175 
92 11893 8175 
93 11268 8175 
94 6560 8175 
95 5935 8175 
96 4743 8175 
97 4118 8175 
98 5300 8485 
99 7275 8485 
100 12450 8485 
101 14425 8485 
102 14425 9615 
103 12450 9615 
104 7275 9615 
105 5300 9615 
106 4118 9925 
107 4743 9925 
108 5935 9925 
109 6560 9925 
110 11268 9925 
111 11893 9925 
112 13085 9925 
113 13710 9925 
114 14425 10240 
115 12450 10240 
116 7275 10240 
117 5300 10240 
118 3100 10325 
119 5300 10410 
120 7275 10410 
121 10250 10325 
122 12450 10410 
123 14425 10410 
124 13710 10725 
125 13085 10725 
126 11893 10725 
127 11268 10725 
128 6560 10725 
129 5935 10725 
130 4743 10725 
131 4118 10725 
132 14425 11035 
133 12450 11035 
134 7275 11035 
135 5300 11035 
