100
0 2995 264 
1 202 233 
2 981 848 
3 1346 408 
4 781 670 
5 1009 1001 
6 2927 1777 
7 2982 949 
8 555 1121 
9 464 1302 
10 3452 637 
11 571 1982 
12 2656 128 
13 1623 1723 
14 2067 694 
15 1725 927 
16 3600 459 
17 1109 1196 
18 366 339 
19 778 1282 
20 386 1616 
21 3918 1217 
22 3332 1049 
23 2597 349 
24 811 1295 
25 241 1069 
26 2658 360 
27 394 1944 
28 3786 1862 
29 264 36 
30 2050 1833 
31 3538 125 
32 1646 1817 
33 2993 624 
34 547 25 
35 3373 1902 
36 460 267 
37 3060 781 
38 1828 456 
39 1021 962 
40 2347 388 
41 3535 1112 
42 1529 581 
43 1203 385 
44 1787 1902 
45 2740 1101 
46 555 1753 
47 47 363 
48 3935 540 
49 3062 329 
50 387 199 
51 2901 920 
52 931 512 
53 1766 692 
54 401 980 
55 149 1629 
56 2214 1977 
57 3805 1619 
58 1179 969 
59 1017 333 
60 2834 1512 
61 634 294 
62 1819 814 
63 1393 859 
64 1768 1578 
65 3023 871 
66 3248 1906 
67 1632 1742 
68 2223 990 
69 3868 697 
70 1541 354 
71 2374 1944 
72 1962 389 
73 3007 1524 
74 3220 1945 
75 2356 1568 
76 1604 706 
77 2028 1736 
78 2581 121 
79 2221 1578 
80 2944 632 
81 1082 1561 
82 997 942 
83 2334 523 
84 1264 1090 
85 1699 1294 
86 235 1059 
87 2592 248 
88 3642 699 
89 3599 514 
90 1766 678 
91 240 619 
92 1272 246 
93 3503 301 
94 80 1533 
95 1677 1238 
96 3766 154 
97 3946 459 
98 1994 1852 
99 278 165 
