299
0 2156 1639 
1 2456 1639 
2 2355 1640 
3 2256 1640 
4 2656 1640 
5 2556 1639 
6 2975 1725 
7 3275 1600 
8 3375 1600 
9 3475 1600 
10 3575 1600 
11 3700 1600 
12 3900 1625 
13 3875 1775 
14 4275 1625 
15 4275 1725 
16 4375 1675 
17 4500 1675 
18 4450 1750 
19 4550 1750 
20 4560 1565 
21 4775 1725 
22 4710 1565 
23 4860 1565 
24 5010 1565 
25 5160 1565 
26 5310 1565 
27 5460 1565 
28 5610 1565 
29 6375 1575 
30 6525 1575 
31 6675 1575 
32 6675 1725 
33 6525 1725 
34 6875 1575 
35 7075 1575 
36 7260 1575 
37 7259 1576 
38 7625 1775 
39 7410 1575 
40 7560 1575 
41 7409 1576 
42 7560 1576 
43 7825 1675 
44 7710 1575 
45 7711 1575 
46 7875 1575 
47 7975 1575 
48 8075 1575 
49 8175 1575 
50 8275 1575 
51 8375 1575 
52 8475 1575 
53 8825 1625 
54 8820 1928 
55 8825 1825 
56 7725 1825 
57 7725 1975 
58 7475 1975 
59 7625 1925 
60 7575 2075 
61 7075 1975 
62 6825 1925 
63 6775 2075 
64 6975 2075 
65 6675 1925 
66 6200 1975 
67 6425 2075 
68 6000 1975 
69 6025 2075 
70 5675 1825 
71 5275 1825 
72 5425 1825 
73 5525 1825 
74 5025 1825 
75 4975 2025 
76 5075 1925 
77 5075 2075 
78 4775 1875 
79 4925 1925 
80 4675 1950 
81 4775 1975 
82 4425 2050 
83 4525 2050 
84 4175 1950 
85 4125 2050 
86 4275 2050 
87 3875 1900 
88 3875 2075 
89 3975 1975 
90 3975 2075 
91 2925 1875 
92 2925 2150 
93 4175 2150 
94 4325 2150 
95 4275 2225 
96 4275 2325 
97 4425 2150 
98 4525 2150 
99 4600 2225 
100 4600 2325 
101 4775 2125 
102 5175 2325 
103 5450 2375 
104 6775 2225 
105 7275 2275 
106 7075 2175 
107 7425 2325 
108 7525 2375 
109 7475 2175 
110 7775 2350 
111 7825 2175 
112 7875 2350 
113 8825 2225 
114 8725 2375 
115 8703 2197 
116 8825 2425 
117 8575 2450 
118 8725 2525 
119 8625 2600 
120 8375 2600 
121 8475 2600 
122 7975 2475 
123 8225 2500 
124 8225 2600 
125 8125 2575 
126 7975 2625 
127 7750 2650 
128 5350 2400 
129 5450 2525 
130 5450 2675 
131 5250 2400 
132 5175 2475 
133 5175 2675 
134 5075 2575 
135 4975 2525 
136 5025 2675 
137 4875 2675 
138 4175 2425 
139 4175 2625 
140 3925 2450 
141 3725 2450 
142 3325 2450 
143 2925 2425 
144 2575 2525 
145 2675 2525 
146 2275 2525 
147 2375 2525 
148 2175 2525 
149 2148 2786 
150 2249 2786 
151 2352 2786 
152 2451 2785 
153 2552 2785 
154 2651 2787 
155 2925 2925 
156 3325 2900 
157 3725 2900 
158 3925 2900 
159 4175 2925 
160 4175 2725 
161 4975 2825 
162 5075 2775 
163 5175 2875 
164 5450 2825 
165 5450 2925 
166 6125 2875 
167 6025 2875 
168 7575 2875 
169 7425 2875 
170 7925 2875 
171 7875 2775 
172 7825 2925 
173 7750 2800 
174 8125 2775 
175 8075 2875 
176 8025 2775 
177 8125 2975 
178 7975 2975 
179 8775 2825 
180 8775 2925 
181 8775 3025 
182 8775 3125 
183 8775 3275 
184 8625 3225 
185 8525 3225 
186 8075 3075 
187 7975 3275 
188 7975 3075 
189 7825 3125 
190 7575 3075 
191 7600 3175 
192 7425 3275 
193 7425 3125 
194 7425 3025 
195 7325 3225 
196 6125 3025 
197 6025 3175 
198 5375 3250 
199 5275 3250 
200 5450 3025 
201 5175 3150 
202 5075 3275 
203 4525 3200 
204 4575 3125 
205 4575 3025 
206 4425 3200 
207 4325 3200 
208 4175 3200 
209 4275 3125 
210 4275 3025 
211 3975 3275 
212 3875 3275 
213 2925 3198 
214 2925 3475 
215 3925 3475 
216 3825 3475 
217 3975 3375 
218 4325 3575 
219 4275 3300 
220 4175 3400 
221 4125 3300 
222 4500 3300 
223 4400 3300 
224 4725 3525 
225 4675 3400 
226 4775 3375 
227 5175 3300 
228 4975 3325 
229 5175 3475 
230 5025 3450 
231 5375 3525 
232 5275 3525 
233 6050 3375 
234 5908 3574 
235 6450 3375 
236 6675 3325 
237 6575 3525 
238 6975 3525 
239 6875 3325 
240 6775 3425 
241 7150 3325 
242 7150 3475 
243 7625 3525 
244 7575 3425 
245 7475 3525 
246 7425 3425 
247 7825 3525 
248 7725 3525 
249 7825 3375 
250 7725 3375 
251 8225 3425 
252 8225 3325 
253 8475 3525 
254 8325 3525 
255 8575 3325 
256 8775 3700 
257 8675 3800 
258 8575 3700 
259 8425 3625 
260 8325 3625 
261 8375 3775 
262 8175 3625 
263 8225 3775 
264 8075 3775 
265 8075 3675 
266 7925 3775 
267 7875 3675 
268 7075 3675 
269 7150 3750 
270 6975 3725 
271 6575 3750 
272 6375 3750 
273 5975 3750 
274 5325 3775 
275 5275 3675 
276 5375 3675 
277 5075 3800 
278 5204 3772 
279 4675 3675 
280 4925 3800 
281 4925 3675 
282 4775 3675 
283 4575 3675 
284 4425 3675 
285 4325 3725 
286 3825 3650 
287 3625 3750 
288 3475 3750 
289 3225 3750 
290 3325 3750 
291 3125 3725 
292 2925 3725 
293 2575 3675 
294 2675 3675 
295 2275 3675 
296 2375 3675 
297 2175 3675 
298 4775 3225 
