4461
0 5639 6909 
1 5652 6142 
2 5654 6101 
3 5659 6910 
4 5659 6920 
5 5661 6182 
6 5663 6830 
7 5669 6213 
8 5670 6425 
9 5671 6870 
10 5673 6132 
11 5682 6840 
12 5690 6891 
13 5694 6801 
14 5698 6265 
15 5698 6952 
16 5701 6184 
17 5701 6407 
18 5712 6154 
19 5716 6296 
20 5720 6438 
21 5722 6397 
22 5722 6873 
23 5730 6458 
24 5731 6893 
25 5736 6317 
26 5737 6064 
27 5738 6034 
28 5738 6267 
29 5740 5984 
30 5741 6206 
31 5741 6418 
32 5744 6368 
33 5744 6823 
34 5746 6783 
35 5748 6490 
36 5748 6965 
37 5749 6944 
38 5750 6227 
39 5756 6308 
40 5758 6733 
41 5761 6440 
42 5762 6187 
43 5763 6389 
44 5774 6127 
45 5776 6319 
46 5776 6774 
47 5777 6289 
48 5779 6026 
49 5780 6916 
50 5783 6168 
51 5784 6137 
52 5788 6744 
53 5789 6249 
54 5790 5996 
55 5797 6077 
56 5799 6482 
57 5799 6957 
58 5800 6472 
59 5802 6411 
60 5804 6836 
61 5805 6350 
62 5806 6563 
63 5808 6047 
64 5810 6229 
65 5813 6159 
66 5817 6311 
67 5818 6988 
68 5820 6472 
69 5822 6200 
70 5822 6432 
71 5822 6877 
72 5825 6594 
73 5827 6089 
74 5829 6726 
75 5833 6392 
76 5833 6635 
77 5838 6281 
78 5840 6948 
79 5841 6686 
80 5842 6665 
81 5844 6160 
82 5846 6807 
83 5847 6544 
84 5847 6999 
85 5848 6049 
86 5850 6251 
87 5851 6919 
88 5853 6413 
89 5855 6120 
90 5859 6272 
91 5860 6009 
92 5860 6484 
93 5861 6687 
94 5863 6869 
95 5864 6616 
96 5867 6090 
97 5867 7010 
98 5872 6909 
99 5873 6171 
100 5874 6151 
101 5876 6333 
102 5878 6768 
103 5879 6738 
104 5879 6970 
105 5884 6394 
106 5890 6253 
107 5890 6718 
108 5891 6000 
109 5892 6668 
110 5893 6880 
111 5895 6840 
112 5896 6122 
113 5897 6324 
114 5898 6304 
115 5900 6496 
116 5902 5971 
117 5902 6911 
118 5905 6365 
119 5905 6618 
120 5906 7042 
121 5908 6759 
122 5908 7002 
123 5909 6042 
124 5910 6264 
125 5911 6941 
126 5912 6456 
127 5913 6891 
128 5914 6163 
129 5917 6568 
130 5920 6022 
131 5928 6083 
132 5932 6225 
133 5939 6983 
134 5940 6275 
135 5940 6953 
136 5941 6245 
137 5944 6185 
138 5945 5922 
139 5945 6144 
140 5946 6367 
141 5947 7034 
142 5949 6296 
143 5949 6529 
144 5953 6195 
145 5956 6832 
146 5957 6114 
147 5959 6064 
148 5961 6479 
149 5961 6944 
150 5962 6923 
151 5963 6438 
152 5963 6671 
153 5964 6418 
154 5964 6651 
155 5965 7095 
156 5966 6610 
157 5968 7025 
158 5973 6894 
159 5975 6388 
160 5975 6398 
161 5977 5873 
162 5977 6803 
163 5978 6783 
164 5980 6742 
165 5981 6712 
166 5981 6945 
167 5982 6004 
168 5984 5964 
169 5984 7117 
170 5986 6844 
171 5986 7076 
172 5989 5833 
173 5990 6975 
174 5991 6247 
175 5997 5884 
176 5997 7036 
177 5998 6096 
178 6004 5965 
179 6009 6996 
180 6010 6289 
181 6011 6723 
182 6012 6926 
183 6015 6178 
184 6016 6147 
185 6017 6360 
186 6019 5854 
187 6019 6552 
188 6019 7007 
189 6020 6977 
190 6023 6906 
191 6024 6663 
192 6025 5935 
193 6026 6603 
194 6028 6107 
195 6029 6785 
196 6031 6047 
197 6031 6259 
198 6033 6229 
199 6034 6209 
200 6035 6168 
201 6036 7078 
202 6041 5805 
203 6041 6502 
204 6041 6735 
205 6042 6017 
206 6042 6472 
207 6045 6179 
208 6046 5916 
209 6046 6856 
210 6052 6938 
211 6054 6200 
212 6055 6422 
213 6058 6351 
214 6060 6058 
215 6060 6523 
216 6062 6483 
217 6063 6453 
218 6065 5957 
219 6065 6645 
220 6068 6817 
221 6070 6999 
222 6071 6736 
223 6074 6666 
224 6076 6403 
225 6076 6615 
226 6076 7090 
227 6077 6372 
228 6077 9153 
229 6078 5887 
230 6078 6110 
231 6080 5847 
232 6081 5817 
233 6081 6969 
234 6082 5796 
235 6085 6423 
236 6086 6868 
237 6087 6150 
238 6088 6130 
239 6089 6322 
240 6090 6777 
241 6093 6474 
242 6094 5989 
243 6097 7071 
244 6098 6808 
245 6102 6950 
246 6105 6424 
247 6106 6394 
248 6106 7102 
249 6108 5899 
250 6109 6091 
251 6110 7011 
252 6111 6050 
253 6111 6293 
254 6114 5767 
255 6114 5990 
256 6115 6667 
257 6116 6637 
258 6116 9195 
259 6117 6607 
260 6118 9144 
261 6120 5859 
262 6120 6536 
263 6121 6759 
264 6122 6506 
265 6123 6253 
266 6123 6708 
267 6124 7608 
268 6126 5940 
269 6126 6172 
270 6127 6850 
271 6128 7527 
272 6131 6991 
273 6133 6951 
274 6134 5758 
275 6135 6901 
276 6135 9206 
277 6136 7103 
278 6139 6335 
279 6141 6072 
280 6141 6304 
281 6141 9064 
282 6142 6042 
283 6142 7659 
284 6143 6476 
285 6143 7639 
286 6145 9671 
287 6146 5708 
288 6146 7579 
289 6147 5931 
290 6147 6628 
291 6147 7073 
292 6148 6841 
293 6149 7498 
294 6150 6325 
295 6150 6548 
296 6151 5840 
297 6153 5800 
298 6154 6689 
299 6154 7144 
300 6155 5982 
301 6156 7346 
302 6158 5901 
303 6158 9601 
304 6159 5648 
305 6159 6113 
306 6160 6791 
307 6161 6295 
308 6161 7468 
309 6162 6508 
310 6164 6457 
311 6166 6892 
312 6166 7114 
313 6167 7327 
314 6169 7034 
315 6172 6053 
316 6172 6973 
317 6173 9258 
318 6174 6458 
319 6174 7165 
320 6176 5730 
321 6176 5962 
322 6176 7580 
323 6176 9662 
324 6177 6862 
325 6177 7550 
326 6177 9167 
327 6180 6802 
328 6181 5841 
329 6181 7459 
330 6182 6519 
331 6182 6751 
332 6183 9046 
333 6184 5781 
334 6185 6903 
335 6185 8520 
336 6186 6428 
337 6187 6397 
338 6189 6590 
339 6189 7277 
340 6190 5862 
341 6190 6327 
342 6190 6559 
343 6190 9562 
344 6191 7237 
345 6193 6964 
346 6193 7661 
347 6196 6651 
348 6196 9198 
349 6199 5670 
350 6199 7055 
351 6200 7500 
352 6201 6782 
353 6201 9320 
354 6202 7450 
355 6204 6247 
356 6204 7409 
357 6204 9724 
358 6206 9674 
359 6207 6166 
360 6208 6853 
361 6209 8441 
362 6209 9361 
363 6210 5863 
364 6210 9108 
365 6211 7005 
366 6212 6297 
367 6213 5802 
368 6213 6955 
369 6215 5984 
370 6215 6692 
371 6215 7602 
372 6217 5701 
373 6217 5944 
374 6217 7329 
375 6217 7571 
376 6218 6621 
377 6218 7531 
378 6219 5903 
379 6219 9604 
380 6223 6490 
381 6224 7643 
382 6225 8532 
383 6225 9230 
384 6227 7107 
385 6228 9159 
386 6232 9068 
387 6233 5803 
388 6233 7431 
389 6234 5793 
390 6234 6723 
391 6234 6935 
392 6235 6460 
393 6236 6430 
394 6236 7138 
395 6238 6390 
396 6239 6834 
397 6239 7057 
398 6239 7522 
399 6240 9807 
400 6241 5854 
401 6241 6774 
402 6241 9089 
403 6245 6218 
404 6245 8553 
405 6245 8998 
406 6246 7360 
407 6247 9190 
408 6248 8483 
409 6249 5672 
410 6249 6137 
411 6249 6380 
412 6250 6582 
413 6250 9362 
414 6250 9595 
415 6251 6552 
416 6251 7017 
417 6252 8392 
418 6253 6047 
419 6253 6279 
420 6254 6249 
421 6256 5966 
422 6256 6663 
423 6256 9686 
424 6257 6411 
425 6258 6623 
426 6258 7563 
427 6259 5915 
428 6259 8463 
429 6262 6997 
430 6262 9535 
431 6262 9545 
432 6263 6057 
433 6263 9050 
434 6266 6219 
435 6266 7604 
436 6267 5946 
437 6269 9838 
438 6270 7038 
439 6270 7513 
440 6270 9596 
441 6272 5835 
442 6272 9768 
443 6273 8363 
444 6273 9293 
445 6274 6715 
446 6275 5997 
447 6276 6907 
448 6277 6199 
449 6277 7119 
450 6277 7342 
451 6277 8979 
452 6277 9424 
453 6278 5694 
454 6278 9182 
455 6280 6584 
456 6280 7271 
457 6280 9141 
458 6281 6341 
459 6282 7463 
460 6282 8393 
461 6283 7433 
462 6283 9061 
463 6285 8565 
464 6285 9010 
465 6285 9253 
466 6286 6675 
467 6287 8515 
468 6287 9667 
469 6288 6169 
470 6288 7099 
471 6289 5684 
472 6289 6382 
473 6289 8464 
474 6291 6786 
475 6292 6089 
476 6292 6999 
477 6293 7666 
478 6294 6038 
479 6295 6483 
480 6295 8323 
481 6295 9476 
482 6296 7605 
483 6298 9415 
484 6299 6150 
485 6299 7535 
486 6300 5887 
487 6300 6817 
488 6302 6534 
489 6302 7242 
490 6306 6443 
491 6306 8991 
492 6311 7040 
493 6312 9325 
494 6313 6757 
495 6313 9527 
496 6314 9284 
497 6315 8567 
498 6317 5968 
499 6317 6191 
500 6317 6888 
501 6317 7353 
502 6317 9436 
503 6318 7556 
504 6318 8263 
505 6319 6383 
506 6320 5898 
507 6320 6595 
508 6320 8445 
509 6320 9143 
510 6320 9841 
511 6321 6333 
512 6322 7485 
513 6322 9093 
514 6323 6757 
515 6323 6980 
516 6323 8152 
517 6324 6262 
518 6324 8587 
519 6325 6717 
520 6326 6222 
521 6326 7607 
522 6327 8294 
523 6328 7334 
524 6329 6626 
525 6329 7091 
526 6331 6576 
527 6331 9346 
528 6332 7010 
529 6332 9801 
530 6333 9770 
531 6334 8133 
532 6334 8355 
533 6335 9497 
534 6338 5949 
535 6338 6404 
536 6339 5919 
537 6339 6151 
538 6339 9872 
539 6340 7536 
540 6340 9619 
541 6341 9589 
542 6342 5868 
543 6342 6556 
544 6342 6778 
545 6343 8143 
546 6344 7193 
547 6344 7668 
548 6346 5990 
549 6346 9478 
550 6348 6415 
551 6349 8952 
552 6350 7072 
553 6351 6819 
554 6352 6324 
555 6352 8416 
556 6353 5829 
557 6353 8609 
558 6353 9316 
559 6354 6041 
560 6355 6961 
561 6356 6688 
562 6356 7386 
563 6357 7143 
564 6357 7375 
565 6357 7608 
566 6357 8518 
567 6357 8528 
568 6358 8265 
569 6358 9205 
570 6359 8023 
571 6359 9165 
572 6360 5900 
573 6360 8922 
574 6361 9357 
575 6362 7264 
576 6362 8184 
577 6362 9114 
578 6364 7669 
579 6365 6254 
580 6367 8983 
581 6367 9216 
582 6368 6891 
583 6368 9438 
584 6369 6628 
585 6370 6365 
586 6370 7063 
587 6370 7770 
588 6371 8427 
589 6373 7235 
590 6373 7467 
591 6373 9075 
592 6375 9044 
593 6376 8327 
594 6376 9712 
595 6377 6921 
596 6377 7376 
597 6378 6183 
598 6380 6153 
599 6380 7993 
600 6380 8458 
601 6380 9398 
602 6380 9621 
603 6381 5900 
604 6381 6345 
605 6381 6598 
606 6382 7720 
607 6382 7963 
608 6383 7013 
609 6384 9540 
610 6385 8115 
611 6386 7852 
612 6389 8944 
613 6392 6093 
614 6392 6113 
615 6392 6326 
616 6392 6791 
617 6393 5850 
618 6393 9328 
619 6393 9793 
620 6395 6275 
621 6395 7650 
622 6395 9055 
623 6396 8338 
624 6396 8570 
625 6396 9480 
626 6397 6912 
627 6397 8540 
628 6398 7124 
629 6399 8479 
630 6399 9652 
631 6400 6609 
632 6400 9167 
633 6401 7276 
634 6401 9834 
635 6402 6569 
636 6402 9126 
637 6404 6053 
638 6404 6993 
639 6404 7913 
640 6406 6478 
641 6406 6720 
642 6407 6225 
643 6407 7620 
644 6407 8065 
645 6407 9005 
646 6408 5972 
647 6408 7357 
648 6408 7833 
649 6408 8288 
650 6409 7095 
651 6410 7772 
652 6411 6822 
653 6411 7519 
654 6412 8429 
655 6414 6751 
656 6414 7226 
657 6415 5811 
658 6415 7196 
659 6415 7418 
660 6416 8096 
661 6416 9491 
662 6418 8510 
663 6419 6175 
664 6420 9855 
665 6423 7712 
666 6424 6307 
667 6424 8389 
668 6425 7894 
669 6426 9714 
670 6427 6236 
671 6427 9229 
672 6429 7803 
673 6431 6135 
674 6431 9370 
675 6431 9613 
676 6432 5882 
677 6432 6802 
678 6433 6095 
679 6433 7025 
680 6434 9320 
681 6437 7146 
682 6438 6914 
683 6438 7369 
684 6438 8066 
685 6438 9674 
686 6439 5954 
687 6439 6419 
688 6439 8279 
689 6439 8966 
690 6440 8006 
691 6441 6368 
692 6441 6611 
693 6441 9846 
694 6442 7743 
695 6442 7966 
696 6442 8208 
697 6442 9128 
698 6443 5863 
699 6443 8168 
700 6443 9108 
701 6446 8582 
702 6447 6004 
703 6448 7127 
704 6448 8532 
705 6448 8997 
706 6450 7561 
707 6450 8239 
708 6450 9401 
709 6452 6813 
710 6453 7026 
711 6453 7491 
712 6454 6308 
713 6454 8623 
714 6455 6520 
715 6456 6035 
716 6456 6268 
717 6456 8340 
718 6457 6692 
719 6457 7855 
720 6457 8553 
721 6458 6450 
722 6458 7612 
723 6459 6885 
724 6459 8280 
725 6460 5924 
726 6460 7329 
727 6461 7067 
728 6464 9321 
729 6465 5823 
730 6465 6986 
731 6466 6733 
732 6466 7188 
733 6466 9513 
734 6467 6470 
735 6469 8502 
736 6470 6622 
737 6471 6137 
738 6471 6835 
739 6472 7744 
740 6472 9605 
741 6473 6562 
742 6475 9534 
743 6477 6936 
744 6477 7168 
745 6477 7401 
746 6477 8088 
747 6479 6188 
748 6479 7118 
749 6479 7826 
750 6480 7330 
751 6481 6855 
752 6481 8240 
753 6482 8432 
754 6482 8897 
755 6483 8190 
756 6484 5844 
757 6484 6309 
758 6484 7229 
759 6484 7694 
760 6485 6512 
761 6485 9302 
762 6486 8119 
763 6488 6906 
764 6488 7614 
765 6488 8999 
766 6488 9241 
767 6488 9454 
768 6491 6380 
769 6492 7513 
770 6493 6108 
771 6493 9575 
772 6494 9788 
773 6496 6037 
774 6496 6047 
775 6496 8585 
776 6497 6472 
777 6498 6684 
778 6498 8544 
779 6499 5976 
780 6499 8514 
781 6500 7341 
782 6500 7806 
783 6500 8029 
784 6501 9394 
785 6503 5886 
786 6503 9343 
787 6504 6775 
788 6506 9050 
789 6506 9283 
790 6507 7645 
791 6507 9717 
792 6510 6169 
793 6510 6422 
794 6510 9192 
795 6511 5936 
796 6511 6846 
797 6511 8464 
798 6512 6129 
799 6512 7069 
800 6513 7028 
801 6513 8424 
802 6514 6088 
803 6514 6553 
804 6514 7008 
805 6514 7948 
806 6514 9101 
807 6515 6523 
808 6515 7453 
809 6516 7898 
810 6516 8585 
811 6517 5795 
812 6517 8565 
813 6518 6928 
814 6518 8313 
815 6519 6442 
816 6519 9667 
817 6520 5957 
818 6521 8929 
819 6522 7757 
820 6523 6109 
821 6525 6291 
822 6525 7686 
823 6526 9526 
824 6527 6716 
825 6527 7181 
826 6528 5998 
827 6528 6240 
828 6528 7626 
829 6528 7848 
830 6529 5735 
831 6529 5755 
832 6529 6898 
833 6529 8980 
834 6530 7575 
835 6530 9648 
836 6531 9860 
837 6532 5907 
838 6532 6827 
839 6532 8212 
840 6533 9132 
841 6533 9597 
842 6535 6989 
843 6535 8384 
844 6536 5806 
845 6538 8091 
846 6540 6656 
847 6540 7808 
848 6541 6393 
849 6541 7090 
850 6541 7323 
851 6542 6605 
852 6543 6352 
853 6544 7485 
854 6545 9557 
855 6546 8142 
856 6546 9759 
857 6548 6009 
858 6548 9244 
859 6549 5979 
860 6550 8051 
861 6551 5928 
862 6551 9173 
863 6552 8456 
864 6553 6575 
865 6553 7980 
866 6554 8173 
867 6554 8880 
868 6555 5847 
869 6555 6070 
870 6555 9325 
871 6556 9052 
872 6558 6464 
873 6559 5757 
874 6559 6687 
875 6559 6899 
876 6560 6191 
877 6561 9871 
878 6561 9881 
879 6562 7758 
880 6563 6808 
881 6565 7465 
882 6565 7708 
883 6565 8395 
884 6565 8618 
885 6566 6525 
886 6566 6748 
887 6566 6980 
888 6566 9528 
889 6567 6252 
890 6567 8578 
891 6567 8820 
892 6568 6930 
893 6568 8315 
894 6569 7152 
895 6569 9457 
896 6570 6434 
897 6572 7082 
898 6572 7314 
899 6572 8012 
900 6573 5889 
901 6573 7041 
902 6573 7516 
903 6573 9134 
904 6573 9609 
905 6574 7253 
906 6574 9569 
907 6575 9316 
908 6576 7921 
909 6577 6960 
910 6577 7203 
911 6577 7880 
912 6578 6020 
913 6578 7638 
914 6578 9255 
915 6579 6212 
916 6580 7345 
917 6580 8285 
918 6581 5950 
919 6581 7790 
920 6581 9640 
921 6582 6162 
922 6583 6354 
923 6583 9144 
924 6583 9842 
925 6584 6566 
926 6584 8417 
927 6585 7001 
928 6587 6728 
929 6587 8589 
930 6588 7396 
931 6589 5758 
932 6589 9003 
933 6590 7578 
934 6590 7820 
935 6590 9205 
936 6591 6405 
937 6591 6880 
938 6591 8023 
939 6596 6304 
940 6596 8619 
941 6596 8832 
942 6596 9297 
943 6597 5809 
944 6597 7659 
945 6597 9752 
946 6599 6456 
947 6599 6678 
948 6599 7851 
949 6599 9701 
950 6600 6436 
951 6600 6901 
952 6600 8518 
953 6601 6638 
954 6602 6153 
955 6602 7093 
956 6602 8235 
957 6604 7740 
958 6605 8640 
959 6605 8872 
960 6605 9792 
961 6606 8377 
962 6607 6497 
963 6607 8134 
964 6608 6244 
965 6608 7417 
966 6608 8104 
967 6609 5991 
968 6609 8317 
969 6611 7336 
970 6612 7781 
971 6612 9621 
972 6613 6598 
973 6613 7983 
974 6614 7730 
975 6615 6083 
976 6615 6548 
977 6616 7458 
978 6616 7923 
979 6617 6275 
980 6617 6730 
981 6617 7892 
982 6617 9520 
983 6618 6012 
984 6619 8539 
985 6620 6912 
986 6620 7144 
987 6620 7367 
988 6620 7832 
989 6621 6881 
990 6621 8954 
991 6622 6164 
992 6622 7549 
993 6622 8469 
994 6622 9864 
995 6623 6841 
996 6623 7064 
997 6624 9369 
998 6625 7256 
999 6625 8631 
1000 6626 9075 
1001 6626 9308 
1002 6627 9278 
1003 6628 7873 
1004 6630 6205 
1005 6631 8277 
1006 6631 9197 
1007 6632 9632 
1008 6634 8429 
1009 6635 6326 
1010 6635 9116 
1011 6635 9571 
1012 6636 6306 
1013 6636 8854 
1014 6637 6043 
1015 6637 8358 
1016 6638 6963 
1017 6638 7408 
1018 6638 9966 
1019 6639 9713 
1020 6640 7600 
1021 6640 8308 
1022 6640 8995 
1023 6642 6852 
1024 6643 7994 
1025 6644 6124 
1026 6644 6357 
1027 6644 6812 
1028 6644 7044 
1029 6645 6326 
1030 6646 6761 
1031 6647 9531 
1032 6649 7631 
1033 6651 6428 
1034 6651 7125 
1035 6653 7773 
1036 6653 8470 
1037 6654 7510 
1038 6654 7752 
1039 6654 8895 
1040 6655 8652 
1041 6657 6742 
1042 6657 7682 
1043 6657 8612 
1044 6659 6711 
1045 6660 9916 
1046 6661 6651 
1047 6661 8511 
1048 6663 6610 
1049 6663 6843 
1050 6663 7308 
1051 6663 9633 
1052 6664 7278 
1053 6664 8430 
1054 6664 9370 
1055 6665 7712 
1056 6666 9775 
1057 6667 6995 
1058 6667 8147 
1059 6667 9997 
1060 6668 6489 
1061 6669 6004 
1062 6669 8562 
1063 6669 9259 
1064 6670 6216 
1065 6670 6459 
1066 6670 7146 
1067 6670 9472 
1068 6670 9684 
1069 6671 7581 
1070 6672 8956 
1071 6673 8238 
1072 6674 7046 
1073 6674 7521 
1074 6674 9826 
1075 6675 6793 
1076 6676 8623 
1077 6677 6065 
1078 6677 7440 
1079 6677 7905 
1080 6678 6035 
1081 6678 6732 
1082 6678 9058 
1083 6680 7834 
1084 6681 6894 
1085 6682 6176 
1086 6683 9169 
1087 6684 7299 
1088 6685 6581 
1089 6685 8886 
1090 6688 6278 
1091 6688 8825 
1092 6689 6005 
1093 6689 7178 
1094 6689 9725 
1095 6690 7845 
1096 6691 7370 
1097 6691 8512 
1098 6691 9442 
1099 6692 7794 
1100 6692 8967 
1101 6693 8239 
1102 6693 8694 
1103 6694 7511 
1104 6695 6804 
1105 6696 8856 
1106 6697 7916 
1107 6700 6683 
1108 6700 8310 
1109 6701 7593 
1110 6704 6137 
1111 6704 7765 
1112 6704 8442 
1113 6704 8917 
1114 6705 6107 
1115 6705 7047 
1116 6706 6087 
1117 6706 10019 
1118 6707 8624 
1119 6708 9049 
1120 6709 7866 
1121 6710 8543 
1122 6711 7138 
1123 6711 9918 
1124 6712 6410 
1125 6712 7108 
1126 6713 5935 
1127 6713 9635 
1128 6715 6117 
1129 6715 9595 
1130 6716 6562 
1131 6716 7017 
1132 6716 9342 
1133 6717 6754 
1134 6717 8382 
1135 6718 6037 
1136 6718 7209 
1137 6718 8827 
1138 6720 6229 
1139 6720 6471 
1140 6720 7169 
1141 6720 8786 
1142 6720 9484 
1143 6721 8999 
1144 6722 8736 
1145 6723 7088 
1146 6723 9403 
1147 6724 7078 
1148 6725 5895 
1149 6725 6350 
1150 6726 7948 
1151 6727 6300 
1152 6727 7240 
1153 6727 7685 
1154 6727 9788 
1155 6729 7644 
1156 6729 7887 
1157 6730 8554 
1158 6731 6452 
1159 6731 6906 
1160 6732 5956 
1161 6733 6158 
1162 6733 7331 
1163 6733 9171 
1164 6734 6138 
1165 6734 7058 
1166 6734 9151 
1167 6734 9838 
1168 6736 7261 
1169 6737 6543 
1170 6737 7473 
1171 6738 6058 
1172 6738 6967 
1173 6738 9283 
1174 6739 6502 
1175 6739 9727 
1176 6740 6705 
1177 6740 6937 
1178 6740 7857 
1179 6742 6199 
1180 6742 7817 
1181 6743 8252 
1182 6744 8009 
1183 6745 7504 
1184 6746 6786 
1185 6746 7018 
1186 6746 9101 
1187 6746 10041 
1188 6748 8363 
1189 6748 9061 
1190 6749 7190 
1191 6749 7645 
1192 6749 9040 
1193 6750 6250 
1194 6751 7140 
1195 6751 8535 
1196 6752 6655 
1197 6752 7110 
1198 6752 7585 
1199 6752 9425 
1200 6753 6857 
1201 6753 9647 
1202 6754 9859 
1203 6755 5886 
1204 6756 7959 
1205 6756 8889 
1206 6756 9354 
1207 6757 6999 
1208 6757 7696 
1209 6757 9779 
1210 6758 6756 
1211 6759 8121 
1212 6760 6473 
1213 6760 8778 
1214 6760 9253 
1215 6762 9213 
1216 6764 5927 
1217 6764 6837 
1218 6764 7080 
1219 6764 8930 
1220 6764 9627 
1221 6765 7282 
1222 6766 9577 
1223 6767 7929 
1224 6769 6271 
1225 6769 7191 
1226 6769 7434 
1227 6770 6939 
1228 6770 7869 
1229 6770 8324 
1230 6773 8728 
1231 6774 6160 
1232 6774 9395 
1233 6776 7960 
1234 6777 6322 
1235 6777 7020 
1236 6777 7485 
1237 6777 8860 
1238 6778 5837 
1239 6779 8354 
1240 6780 9962 
1241 6781 8779 
1242 6782 9669 
1243 6783 7343 
1244 6783 7798 
1245 6783 8274 
1246 6783 8486 
1247 6784 7556 
1248 6785 6595 
1249 6785 9153 
1250 6786 8658 
1251 6786 9345 
1252 6786 9810 
1253 6787 7708 
1254 6788 6060 
1255 6788 9072 
1256 6789 6040 
1257 6790 6009 
1258 6790 7415 
1259 6790 8567 
1260 6791 6697 
1261 6791 7162 
1262 6791 8547 
1263 6792 5979 
1264 6792 9912 
1265 6794 7324 
1266 6795 6141 
1267 6797 6545 
1268 6797 8396 
1269 6798 7920 
1270 6799 7435 
1271 6799 8588 
1272 6800 7648 
1273 6800 8113 
1274 6800 8790 
1275 6800 9720 
1276 6801 9467 
1277 6802 6434 
1278 6802 6899 
1279 6803 6657 
1280 6804 5939 
1281 6804 6617 
1282 6805 6131 
1283 6805 7991 
1284 6805 8922 
1285 6806 7051 
1286 6806 7274 
1287 6807 9114 
1288 6807 10034 
1289 6808 6303 
1290 6808 7223 
1291 6809 7203 
1292 6809 9296 
1293 6810 6718 
1294 6810 8345 
1295 6810 9023 
1296 6812 7132 
1297 6813 6182 
1298 6815 5899 
1299 6815 6152 
1300 6815 6364 
1301 6817 7476 
1302 6819 9761 
1303 6819 9984 
1304 6821 7618 
1305 6822 8750 
1306 6822 8983 
1307 6824 5940 
1308 6824 9873 
1309 6825 8690 
1310 6826 7962 
1311 6826 9135 
1312 6827 5859 
1313 6827 6557 
1314 6827 7032 
1315 6827 8174 
1316 6828 6769 
1317 6828 7012 
1318 6828 8629 
1319 6829 6294 
1320 6829 7902 
1321 6829 8124 
1322 6829 8377 
1323 6829 8832 
1324 6830 7416 
1325 6830 8801 
1326 6831 6466 
1327 6833 7588 
1328 6833 8053 
1329 6833 9661 
1330 6834 7548 
1331 6835 7305 
1332 6835 9610 
1333 6835 9843 
1334 6836 6123 
1335 6836 8215 
1336 6836 8893 
1337 6838 9085 
1338 6838 9560 
1339 6839 6527 
1340 6840 6254 
1341 6840 9044 
1342 6841 9934 
1343 6842 8771 
1344 6843 7356 
1345 6843 8276 
1346 6843 8519 
1347 6843 9904 
1348 6844 8013 
1349 6844 8478 
1350 6845 5921 
1351 6845 6143 
1352 6845 9388 
1353 6846 7751 
1354 6846 8216 
1355 6846 8681 
1356 6847 6093 
1357 6847 7953 
1358 6848 7013 
1359 6848 7710 
1360 6848 10015 
1361 6849 6052 
1362 6849 8378 
1363 6850 6487 
1364 6850 8570 
1365 6851 6002 
1366 6852 6689 
1367 6852 7599 
1368 6852 7619 
1369 6852 7842 
1370 6853 8752 
1371 6854 5951 
1372 6854 9874 
1373 6855 7316 
1374 6855 8934 
1375 6856 6831 
1376 6856 7064 
1377 6856 7519 
1378 6857 6336 
1379 6857 6801 
1380 6857 9338 
1381 6858 6305 
1382 6858 7478 
1383 6859 6528 
1384 6860 6740 
1385 6862 9237 
1386 6863 6205 
1387 6863 6670 
1388 6864 8257 
1389 6864 8499 
1390 6864 8712 
1391 6866 9834 
1392 6867 6579 
1393 6867 7034 
1394 6867 7266 
1395 6868 9784 
1396 6870 7671 
1397 6872 7155 
1398 6873 6903 
1399 6875 6397 
1400 6875 7085 
1401 6877 5882 
1402 6877 8419 
1403 6879 7216 
1404 6879 8146 
1405 6880 7894 
1406 6881 6246 
1407 6881 7408 
1408 6882 6448 
1409 6882 9471 
1410 6883 7590 
1411 6883 8743 
1412 6884 6408 
1413 6884 7803 
1414 6885 5922 
1415 6885 6610 
1416 6886 7762 
1417 6887 7035 
1418 6888 5862 
1419 6888 7237 
1420 6889 6539 
1421 6889 6762 
1422 6889 8834 
1423 6890 6277 
1424 6890 9512 
1425 6891 6954 
1426 6891 9026 
1427 6892 6469 
1428 6892 7166 
1429 6892 8541 
1430 6893 6216 
1431 6893 8056 
1432 6893 8986 
1433 6894 6418 
1434 6894 7348 
1435 6894 8278 
1436 6894 8956 
1437 6895 7540 
1438 6896 6135 
1439 6896 9158 
1440 6896 10078 
1441 6897 8885 
1442 6897 9583 
1443 6898 5862 
1444 6898 7470 
1445 6899 6985 
1446 6899 7915 
1447 6900 8127 
1448 6900 8370 
1449 6900 8592 
1450 6900 9987 
1451 6901 6722 
1452 6902 9694 
1453 6903 5974 
1454 6904 8259 
1455 6904 9421 
1456 6904 9664 
1457 6906 7056 
1458 6906 9603 
1459 6907 6338 
1460 6907 6358 
1461 6907 7268 
1462 6908 7713 
1463 6908 8410 
1464 6909 6065 
1465 6909 10018 
1466 6910 6520 
1467 6912 8097 
1468 6913 6449 
1469 6913 6914 
1470 6913 7137 
1471 6914 9189 
1472 6915 6389 
1473 6915 6621 
1474 6915 6854 
1475 6916 8451 
1476 6917 6591 
1477 6917 7966 
1478 6917 9119 
1479 6917 9826 
1480 6918 7026 
1481 6918 8178 
1482 6918 9331 
1483 6920 7208 
1484 6920 7430 
1485 6920 8825 
1486 6920 9513 
1487 6921 7885 
1488 6921 9260 
1489 6922 6005 
1490 6922 6227 
1491 6922 6692 
1492 6922 8330 
1493 6923 7380 
1494 6923 7845 
1495 6924 9897 
1496 6925 8027 
1497 6927 7744 
1498 6927 10069 
1499 6929 9776 
1500 6929 10009 
1501 6930 7673 
1502 6931 7178 
1503 6931 9726 
1504 6934 7340 
1505 6935 5945 
1506 6935 6410 
1507 6935 7107 
1508 6935 8260 
1509 6936 7077 
1510 6936 8462 
1511 6937 5905 
1512 6937 6127 
1513 6937 7057 
1514 6939 7472 
1515 6939 9554 
1516 6940 8381 
1517 6941 6491 
1518 6941 7644 
1519 6942 6926 
1520 6942 8088 
1521 6943 8523 
1522 6945 6178 
1523 6945 8948 
1524 6946 6855 
1525 6947 7280 
1526 6948 6330 
1527 6948 6572 
1528 6948 9110 
1529 6949 7229 
1530 6950 6289 
1531 6950 8604 
1532 6951 6259 
1533 6951 7654 
1534 6953 6229 
1535 6953 6674 
1536 6953 8989 
1537 6954 7361 
1538 6955 6633 
1539 6955 8493 
1540 6955 9888 
1541 6956 8231 
1542 6956 8706 
1543 6957 6370 
1544 6959 7695 
1545 6960 6057 
1546 6960 8837 
1547 6961 6957 
1548 6962 6482 
1549 6962 7867 
1550 6962 9960 
1551 6964 9212 
1552 6966 6846 
1553 6967 6128 
1554 6967 7513 
1555 6967 7978 
1556 6967 9849 
1557 6968 8201 
1558 6968 8666 
1559 6969 8393 
1560 6972 7412 
1561 6973 5987 
1562 6973 7625 
1563 6973 8070 
1564 6974 7129 
1565 6975 7342 
1566 6975 9414 
1567 6976 7787 
1568 6976 8929 
1569 6976 9172 
1570 6977 7291 
1571 6980 6988 
1572 6980 8151 
1573 6980 9778 
1574 6981 8131 
1575 6981 9283 
1576 6982 6948 
1577 6983 9708 
1578 6984 8282 
1579 6984 8990 
1580 6986 7555 
1581 6987 7059 
1582 6988 6584 
1583 6988 7039 
1584 6988 8192 
1585 6989 6776 
1586 6989 7019 
1587 6989 8646 
1588 6989 9334 
1589 6990 6524 
1590 6990 8606 
1591 6992 7191 
1592 6992 9041 
1593 6993 6241 
1594 6993 8778 
1595 6993 9698 
1596 6994 5968 
1597 6994 6433 
1598 6994 8060 
1599 6995 6413 
1600 6995 9900 
1601 6997 5907 
1602 6997 9142 
1603 6998 5887 
1604 6998 7747 
1605 6999 7242 
1606 6999 7939 
1607 7000 7697 
1608 7001 8829 
1609 7002 7646 
1610 7002 8566 
1611 7003 8091 
1612 7004 7141 
1613 7005 7818 
1614 7006 6170 
1615 7007 6373 
1616 7007 9395 
1617 7008 7505 
1618 7008 9830 
1619 7009 7727 
1620 7009 8415 
1621 7009 8870 
1622 7010 6535 
1623 7010 7455 
1624 7010 8152 
1625 7010 10002 
1626 7011 7899 
1627 7011 8132 
1628 7012 6494 
1629 7012 6949 
1630 7012 8344 
1631 7013 6696 
1632 7013 7616 
1633 7013 9942 
1634 7014 6666 
1635 7014 9466 
1636 7015 6878 
1637 7015 9436 
1638 7016 6626 
1639 7016 7566 
1640 7016 8021 
1641 7017 6141 
1642 7017 6373 
1643 7017 7303 
1644 7018 8446 
1645 7019 7960 
1646 7020 9083 
1647 7021 7667 
1648 7021 9538 
1649 7022 8587 
1650 7022 8800 
1651 7023 7172 
1652 7024 8759 
1653 7025 6202 
1654 7025 6889 
1655 7025 8274 
1656 7026 7789 
1657 7026 8476 
1658 7026 8709 
1659 7027 5908 
1660 7027 7526 
1661 7027 8224 
1662 7030 7243 
1663 7031 6060 
1664 7031 6748 
1665 7031 7223 
1666 7032 6263 
1667 7032 6970 
1668 7033 8315 
1669 7034 5990 
1670 7034 6455 
1671 7034 8537 
1672 7034 9225 
1673 7035 7132 
1674 7037 8932 
1675 7037 9852 
1676 7038 6586 
1677 7039 6111 
1678 7039 9346 
1679 7040 6313 
1680 7040 6778 
1681 7041 9771 
1682 7042 8113 
1683 7042 8346 
1684 7042 9276 
1685 7042 9731 
1686 7043 6020 
1687 7043 6485 
1688 7045 7365 
1689 7046 7325 
1690 7046 7800 
1691 7046 9417 
1692 7046 9882 
1693 7048 7062 
1694 7048 7982 
1695 7048 8679 
1696 7049 6334 
1697 7049 9579 
1698 7049 10034 
1699 7050 7931 
1700 7052 8589 
1701 7052 9519 
1702 7053 6931 
1703 7053 7638 
1704 7053 7861 
1705 7054 6223 
1706 7054 8993 
1707 7055 5970 
1708 7055 8508 
1709 7055 9913 
1710 7057 6617 
1711 7057 8245 
1712 7058 6132 
1713 7058 8437 
1714 7059 7275 
1715 7059 8195 
1716 7060 8407 
1717 7061 6072 
1718 7061 6294 
1719 7061 6517 
1720 7061 6759 
1721 7062 6264 
1722 7063 7396 
1723 7063 9256 
1724 7064 7609 
1725 7065 6891 
1726 7065 8063 
1727 7065 8741 
1728 7065 9681 
1729 7066 5951 
1730 7067 8013 
1731 7067 9398 
1732 7068 7750 
1733 7069 9813 
1734 7070 7700 
1735 7070 8872 
1736 7071 6062 
1737 7071 7225 
1738 7072 8812 
1739 7072 9752 
1740 7073 6012 
1741 7073 9024 
1742 7073 10187 
1743 7074 9924 
1744 7075 6669 
1745 7075 8761 
1746 7077 6153 
1747 7077 6386 
1748 7077 6861 
1749 7077 7538 
1750 7077 10106 
1751 7078 5901 
1752 7078 6831 
1753 7078 9843 
1754 7079 9126 
1755 7080 6548 
1756 7080 9095 
1757 7081 6993 
1758 7082 7427 
1759 7082 9065 
1760 7082 9298 
1761 7084 5992 
1762 7084 6467 
1763 7084 7154 
1764 7085 5972 
1765 7085 6679 
1766 7085 7377 
1767 7085 8287 
1768 7086 7802 
1769 7086 8499 
1770 7086 9187 
1771 7088 9379 
1772 7089 6578 
1773 7089 9581 
1774 7090 6083 
1775 7090 7013 
1776 7090 7488 
1777 7092 6740 
1778 7092 9996 
1779 7094 6235 
1780 7094 8550 
1781 7094 9945 
1782 7096 6660 
1783 7097 8934 
1784 7097 9642 
1785 7098 8227 
1786 7099 8904 
1787 7099 10057 
1788 7100 6791 
1789 7100 9329 
1790 7101 5841 
1791 7101 6306 
1792 7102 6983 
1793 7102 7913 
1794 7102 9753 
1795 7103 7428 
1796 7104 6013 
1797 7104 7165 
1798 7104 9005 
1799 7106 6185 
1800 7107 6862 
1801 7107 7317 
1802 7108 6610 
1803 7109 8672 
1804 7110 8652 
1805 7111 5841 
1806 7111 6761 
1807 7111 10017 
1808 7112 8136 
1809 7112 8824 
1810 7113 9511 
1811 7114 6933 
1812 7114 7631 
1813 7114 7853 
1814 7115 6671 
1815 7115 8066 
1816 7116 10138 
1817 7117 6640 
1818 7117 8480 
1819 7117 8945 
1820 7118 7530 
1821 7119 6125 
1822 7119 7287 
1823 7121 6549 
1824 7121 7702 
1825 7121 9795 
1826 7122 6064 
1827 7123 6044 
1828 7123 7197 
1829 7124 6711 
1830 7124 7156 
1831 7125 9471 
1832 7126 5963 
1833 7126 9198 
1834 7127 6863 
1835 7129 6813 
1836 7129 7278 
1837 7130 5883 
1838 7130 9118 
1839 7131 8157 
1840 7132 6297 
1841 7132 6985 
1842 7132 9290 
1843 7132 9522 
1844 7134 6944 
1845 7134 8562 
1846 7134 9714 
1847 7135 6216 
1848 7135 8542 
1849 7136 7116 
1850 7136 8279 
1851 7137 5933 
1852 7137 6631 
1853 7138 7773 
1854 7138 8006 
1855 7138 8926 
1856 7138 9159 
1857 7138 9391 
1858 7139 6601 
1859 7140 6328 
1860 7140 7025 
1861 7140 8643 
1862 7142 6753 
1863 7142 7905 
1864 7142 8613 
1865 7143 6045 
1866 7143 6500 
1867 7143 8805 
1868 7146 6894 
1869 7146 8987 
1870 7147 6399 
1871 7147 6642 
1872 7149 6834 
1873 7149 7531 
1874 7149 8219 
1875 7151 5853 
1876 7151 7238 
1877 7152 7926 
1878 7152 8158 
1879 7152 10241 
1880 7154 6248 
1881 7154 7643 
1882 7154 10180 
1883 7155 7380 
1884 7156 7592 
1885 7156 8522 
1886 7156 8745 
1887 7157 6187 
1888 7158 7077 
1889 7158 8472 
1890 7158 8694 
1891 7159 6592 
1892 7159 8907 
1893 7160 7724 
1894 7160 8432 
1895 7161 6551 
1896 7161 9786 
1897 7163 5813 
1898 7163 7198 
1899 7163 7906 
1900 7164 6723 
1901 7164 8341 
1902 7164 9261 
1903 7169 9837 
1904 7170 7269 
1905 7171 6319 
1906 7172 9999 
1907 7173 9059 
1908 7174 8806 
1909 7174 9736 
1910 7175 6228 
1911 7175 6936 
1912 7175 9484 
1913 7176 6451 
1914 7176 7128 
1915 7177 6886 
1916 7177 7351 
1917 7177 7795 
1918 7177 9898 
1919 7180 8432 
1920 7180 10293 
1921 7181 6785 
1922 7185 9929 
1923 7186 8069 
1924 7186 9211 
1925 7187 8261 
1926 7187 9656 
1927 7188 6168 
1928 7188 8473 
1929 7190 9363 
1930 7191 9808 
1931 7194 8110 
1932 7195 5997 
1933 7195 9009 
1934 7197 6664 
1935 7197 7351 
1936 7197 9424 
1937 7198 7321 
1938 7198 7554 
1939 7198 8494 
1940 7198 10334 
1941 7199 9859 
1942 7199 10081 
1943 7200 7978 
1944 7200 8201 
1945 7201 8413 
1946 7201 9101 
1947 7202 5855 
1948 7202 7705 
1949 7202 9556 
1950 7202 10021 
1951 7204 5805 
1952 7204 8353 
1953 7205 6462 
1954 7205 6937 
1955 7205 8787 
1956 7205 9707 
1957 7205 10182 
1958 7206 6209 
1959 7206 6675 
1960 7207 6877 
1961 7207 8969 
1962 7208 8939 
1963 7209 7069 
1964 7209 7766 
1965 7210 6119 
1966 7210 8676 
1967 7210 9131 
1968 7210 9839 
1969 7211 6796 
1970 7211 8869 
1971 7212 7473 
1972 7212 8626 
1973 7212 10243 
1974 7213 6058 
1975 7213 6988 
1976 7213 7211 
1977 7214 6270 
1978 7214 8575 
1979 7215 7160 
1980 7215 7868 
1981 7216 6685 
1982 7216 8313 
1983 7217 7595 
1984 7217 8515 
1985 7218 6402 
1986 7218 6645 
1987 7218 8727 
1988 7219 5917 
1989 7221 7039 
1990 7224 6493 
1991 7224 7656 
1992 7225 6706 
1993 7226 6231 
1994 7226 6443 
1995 7226 9688 
1996 7227 6665 
1997 7227 7353 
1998 7227 9213 
1999 7228 8263 
2000 7229 7545 
2001 7230 7282 
2002 7231 6332 
2003 7233 7687 
2004 7234 6736 
2005 7234 10194 
2006 7235 6939 
2007 7235 8799 
2008 7236 6908 
2009 7236 8303 
2010 7236 9244 
2011 7237 8506 
2012 7238 6170 
2013 7239 6838 
2014 7239 8000 
2015 7239 9385 
2016 7240 8688 
2017 7240 8900 
2018 7241 6120 
2019 7241 8425 
2020 7242 6545 
2021 7242 7717 
2022 7242 8162 
2023 7242 9790 
2024 7242 10255 
2025 7243 9315 
2026 7244 6282 
2027 7245 8092 
2028 7246 7839 
2029 7246 8536 
2030 7246 9477 
2031 7247 5969 
2032 7247 7121 
2033 7247 8284 
2034 7249 7323 
2035 7250 7071 
2036 7250 7283 
2037 7250 7758 
2038 7250 9133 
2039 7250 9366 
2040 7250 9608 
2041 7251 6353 
2042 7251 6585 
2043 7252 7243 
2044 7252 7930 
2045 7252 9558 
2046 7254 6980 
2047 7254 8365 
2048 7254 9052 
2049 7254 9982 
2050 7255 6009 
2051 7255 6717 
2052 7255 8557 
2053 7256 8769 
2054 7258 7344 
2055 7258 8264 
2056 7259 9871 
2057 7260 7981 
2058 7260 8214 
2059 7261 9811 
2060 7262 10033 
2061 7263 7233 
2062 7264 6273 
2063 7265 6242 
2064 7265 6495 
2065 7265 6950 
2066 7265 8103 
2067 7266 7395 
2068 7266 7627 
2069 7266 10175 
2070 7268 6424 
2071 7269 7314 
2072 7269 8719 
2073 7269 10337 
2074 7270 6607 
2075 7270 8002 
2076 7271 6121 
2077 7271 7264 
2078 7271 10276 
2079 7272 6091 
2080 7272 7021 
2081 7273 6303 
2082 7273 8851 
2083 7273 9073 
2084 7274 7446 
2085 7274 8588 
2086 7275 6030 
2087 7275 8801 
2088 7275 9255 
2089 7277 8053 
2090 7278 6192 
2091 7279 5930 
2092 7280 6132 
2093 7280 6597 
2094 7280 8214 
2095 7282 6799 
2096 7282 8417 
2097 7283 7224 
2098 7283 8629 
2099 7284 9519 
2100 7284 9761 
2101 7285 7416 
2102 7285 7871 
2103 7286 9711 
2104 7287 5758 
2105 7287 5970 
2106 7287 7598 
2107 7287 8993 
2108 7288 6415 
2109 7288 8508 
2110 7288 8740 
2111 7288 9195 
2112 7288 9671 
2113 7289 8023 
2114 7289 9640 
2115 7290 9165 
2116 7290 10085 
2117 7291 9125 
2118 7292 5859 
2119 7293 6537 
2120 7293 6992 
2121 7293 7244 
2122 7293 8154 
2123 7294 5829 
2124 7295 5809 
2125 7295 7659 
2126 7296 7639 
2127 7296 9954 
2128 7296 10399 
2129 7297 7133 
2130 7297 9449 
2131 7298 6193 
2132 7298 6658 
2133 7298 9206 
2134 7298 10369 
2135 7299 7801 
2136 7299 8953 
2137 7300 9853 
2138 7301 5890 
2139 7301 8448 
2140 7302 8175 
2141 7302 10268 
2142 7303 8852 
2143 7304 8610 
2144 7304 9297 
2145 7306 6709 
2146 7306 10177 
2147 7307 7376 
2148 7310 6143 
2149 7310 7083 
2150 7310 7306 
2151 7311 7508 
2152 7311 7741 
2153 7312 6335 
2154 7312 8661 
2155 7312 9105 
2156 7313 7690 
2157 7313 7943 
2158 7314 6052 
2159 7314 6750 
2160 7316 8570 
2161 7317 5759 
2162 7318 9904 
2163 7319 6861 
2164 7320 5931 
2165 7320 6619 
2166 7321 6831 
2167 7321 9601 
2168 7322 6811 
2169 7323 6781 
2170 7323 8388 
2171 7323 8408 
2172 7323 10248 
2173 7324 6285 
2174 7324 6993 
2175 7326 6943 
2176 7326 9713 
2177 7326 10188 
2178 7327 9935 
2179 7328 6660 
2180 7328 7600 
2181 7329 5952 
2182 7330 8004 
2183 7330 8227 
2184 7330 8247 
2185 7332 6569 
2186 7332 7044 
2187 7332 7276 
2188 7336 6488 
2189 7336 8328 
2190 7336 8793 
2191 7337 6225 
2192 7338 6438 
2193 7339 8500 
2194 7339 8965 
2195 7339 9663 
2196 7340 8692 
2197 7340 10320 
2198 7341 5892 
2199 7342 9127 
2200 7343 6771 
2201 7344 7449 
2202 7344 7681 
2203 7345 5801 
2204 7345 7894 
2205 7346 6256 
2206 7346 9269 
2207 7346 9966 
2208 7348 7823 
2209 7349 6175 
2210 7349 7348 
2211 7349 7813 
2212 7349 8733 
2213 7349 10118 
2214 7350 5700 
2215 7350 7318 
2216 7350 7773 
2217 7350 9178 
2218 7352 5650 
2219 7352 7500 
2220 7352 7965 
2221 7352 8662 
2222 7353 6084 
2223 7353 7247 
2224 7353 10037 
2225 7354 6297 
2226 7354 8855 
2227 7354 9774 
2228 7355 6034 
2229 7355 8359 
2230 7355 8602 
2231 7356 6721 
2232 7357 7389 
2233 7357 8309 
2234 7358 5751 
2235 7358 5973 
2236 7359 5943 
2237 7359 9431 
2238 7360 6863 
2239 7360 7096 
2240 7363 6317 
2241 7363 9563 
2242 7364 7005 
2243 7365 10210 
2244 7366 6267 
2245 7367 6469 
2246 7367 6924 
2247 7367 9017 
2248 7367 9947 
2249 7367 10159 
2250 7368 6682 
2251 7369 9199 
2252 7369 10351 
2253 7370 7551 
2254 7370 10331 
2255 7372 6358 
2256 7372 6591 
2257 7372 9593 
2258 7372 10281 
2259 7374 9088 
2260 7374 9320 
2261 7375 9533 
2262 7376 6722 
2263 7377 5995 
2264 7377 6015 
2265 7377 6237 
2266 7377 6702 
2267 7377 10392 
2268 7378 7369 
2269 7379 6197 
2270 7379 6652 
2271 7379 6894 
2272 7379 7127 
2273 7380 6632 
2274 7380 6864 
2275 7380 8259 
2276 7380 8937 
2277 7380 9412 
2278 7381 7066 
2279 7381 7299 
2280 7382 8209 
2281 7383 9119 
2282 7383 9806 
2283 7384 6763 
2284 7384 8158 
2285 7385 6045 
2286 7386 5803 
2287 7386 9968 
2288 7387 6480 
2289 7387 7168 
2290 7390 7087 
2291 7390 8725 
2292 7390 10100 
2293 7391 5914 
2294 7391 6612 
2295 7392 7744 
2296 7392 8897 
2297 7393 8411 
2298 7393 8644 
2299 7394 6541 
2300 7395 7208 
2301 7397 6925 
2302 7397 7856 
2303 7397 9008 
2304 7398 5975 
2305 7398 6218 
2306 7398 8311 
2307 7398 10150 
2308 7399 6430 
2309 7399 8978 
2310 7399 9665 
2311 7400 6400 
2312 7400 6632 
2313 7401 7765 
2314 7401 8230 
2315 7401 10312 
2316 7402 6127 
2317 7403 10272 
2318 7404 7462 
2319 7404 9089 
2320 7404 10242 
2321 7405 6976 
2322 7406 6501 
2323 7406 7431 
2324 7409 8503 
2325 7409 9201 
2326 7410 6168 
2327 7410 7806 
2328 7410 9878 
2329 7411 6855 
2330 7411 8463 
2331 7412 7280 
2332 7412 9373 
2333 7413 6097 
2334 7413 6572 
2335 7413 9575 
2336 7414 7240 
2337 7416 8129 
2338 7416 9049 
2339 7416 9514 
2340 7416 10212 
2341 7417 6006 
2342 7418 6694 
2343 7419 7129 
2344 7421 6391 
2345 7421 7543 
2346 7421 9636 
2347 7423 6340 
2348 7423 6795 
2349 7423 7038 
2350 7423 7958 
2351 7423 8433 
2352 7424 7705 
2353 7424 10020 
2354 7425 6522 
2355 7426 6037 
2356 7426 8362 
2357 7426 8595 
2358 7427 6714 
2359 7427 7634 
2360 7427 8787 
2361 7428 7392 
2362 7429 6664 
2363 7430 5936 
2364 7431 7999 
2365 7431 8019 
2366 7432 9151 
2367 7433 8656 
2368 7434 6310 
2369 7434 9798 
2370 7435 7463 
2371 7436 6958 
2372 7436 9738 
2373 7437 6937 
2374 7438 7847 
2375 7438 8312 
2376 7438 8767 
2377 7438 10172 
2378 7439 7584 
2379 7439 9910 
2380 7440 6644 
2381 7441 7312 
2382 7442 6594 
2383 7442 7534 
2384 7443 7726 
2385 7444 5856 
2386 7444 8181 
2387 7445 6078 
2388 7445 7908 
2389 7446 6736 
2390 7447 6250 
2391 7447 6483 
2392 7448 8080 
2393 7449 5967 
2394 7449 9445 
2395 7450 8262 
2396 7451 8717 
2397 7451 9172 
2398 7452 5897 
2399 7452 10072 
2400 7454 7029 
2401 7454 7484 
2402 7455 9081 
2403 7456 6049 
2404 7456 10214 
2405 7459 6210 
2406 7462 6615 
2407 7462 6837 
2408 7462 8455 
2409 7464 7252 
2410 7465 8617 
2411 7466 6504 
2412 7466 8364 
2413 7467 6949 
2414 7467 7181 
2415 7468 8789 
2416 7469 6433 
2417 7471 6858 
2418 7472 6140 
2419 7472 9618 
2420 7473 7980 
2421 7474 8405 
2422 7475 6080 
2423 7475 6777 
2424 7475 7697 
2425 7475 9325 
2426 7476 7212 
2427 7476 7444 
2428 7477 6039 
2429 7477 9962 
2430 7478 6009 
2431 7478 6474 
2432 7478 7627 
2433 7478 8082 
2434 7478 9012 
2435 7478 9709 
2436 7479 6211 
2437 7479 6686 
2438 7479 7596 
2439 7480 6889 
2440 7480 9436 
2441 7481 8719 
2442 7482 9851 
2443 7483 6353 
2444 7483 6575 
2445 7483 7040 
2446 7483 9356 
2447 7483 10296 
2448 7484 7263 
2449 7485 6545 
2450 7485 7000 
2451 7485 8153 
2452 7486 6292 
2453 7487 8567 
2454 7487 9507 
2455 7489 6919 
2456 7489 7142 
2457 7489 9912 
2458 7490 6667 
2459 7490 7112 
2460 7490 8962 
2461 7490 9669 
2462 7493 6818 
2463 7493 8679 
2464 7494 9578 
2465 7494 10033 
2466 7498 6232 
2467 7498 7870 
2468 7499 8315 
2469 7499 9225 
2470 7500 10125 
2471 7501 6394 
2472 7501 8254 
2473 7502 6839 
2474 7502 9397 
2475 7503 7062 
2476 7503 7739 
2477 7503 8214 
2478 7503 8912 
2479 7504 6576 
2480 7504 7961 
2481 7504 8426 
2482 7506 6061 
2483 7506 8831 
2484 7507 6263 
2485 7507 7416 
2486 7507 9983 
2487 7508 6708 
2488 7508 6951 
2489 7508 9033 
2490 7508 9953 
2491 7509 8538 
2492 7510 10145 
2493 7511 7790 
2494 7511 9650 
2495 7512 6607 
2496 7512 7537 
2497 7512 8932 
2498 7514 6344 
2499 7514 9114 
2500 7514 9802 
2501 7515 7466 
2502 7515 8164 
2503 7515 9084 
2504 7517 9519 
2505 7518 6243 
2506 7518 8336 
2507 7519 6001 
2508 7519 6911 
2509 7519 7153 
2510 7519 7851 
2511 7519 9468 
2512 7520 8043 
2513 7522 9863 
2514 7522 10318 
2515 7523 7760 
2516 7524 6810 
2517 7524 7265 
2518 7524 9357 
2519 7525 7942 
2520 7526 6992 
2521 7527 7194 
2522 7528 8094 
2523 7529 10389 
2524 7530 8286 
2525 7530 8529 
2526 7531 6183 
2527 7531 6416 
2528 7531 6638 
2529 7532 5931 
2530 7532 8013 
2531 7533 7073 
2532 7535 6315 
2533 7535 9570 
2534 7535 10258 
2535 7537 7670 
2536 7539 6224 
2537 7539 9004 
2538 7542 8701 
2539 7542 10096 
2540 7543 8226 
2541 7544 7033 
2542 7544 7731 
2543 7545 6780 
2544 7545 8186 
2545 7546 6760 
2546 7546 8145 
2547 7546 9995 
2548 7547 6285 
2549 7547 9753 
2550 7549 9935 
2551 7550 8984 
2552 7550 9682 
2553 7550 10147 
2554 7551 5952 
2555 7551 6872 
2556 7552 8024 
2557 7552 8469 
2558 7552 10339 
2559 7553 6376 
2560 7553 10309 
2561 7554 8894 
2562 7554 9834 
2563 7555 6103 
2564 7555 7488 
2565 7555 8631 
2566 7556 6083 
2567 7556 7236 
2568 7556 8611 
2569 7557 6518 
2570 7557 8833 
2571 7558 6710 
2572 7561 6660 
2573 7561 7357 
2574 7562 9642 
2575 7563 6609 
2576 7563 9157 
2577 7564 6811 
2578 7565 7711 
2579 7565 9116 
2580 7565 9582 
2581 7566 8379 
2582 7566 10249 
2583 7567 7903 
2584 7568 7196 
2585 7568 9491 
2586 7569 6003 
2587 7569 7155 
2588 7569 8096 
2589 7569 9248 
2590 7569 9703 
2591 7569 10168 
2592 7570 6448 
2593 7572 6175 
2594 7572 7782 
2595 7572 8955 
2596 7572 9420 
2597 7572 9875 
2598 7573 8460 
2599 7573 8682 
2600 7574 7520 
2601 7574 8197 
2602 7575 9804 
2603 7576 9087 
2604 7577 6276 
2605 7577 9531 
2606 7578 7641 
2607 7579 7853 
2608 7579 8551 
2609 7580 6913 
2610 7580 8763 
2611 7581 8278 
2612 7582 7318 
2613 7582 8723 
2614 7583 9380 
2615 7584 6135 
2616 7585 6570 
2617 7585 8420 
2618 7587 6762 
2619 7587 7439 
2620 7588 6044 
2621 7588 6964 
2622 7589 6479 
2623 7589 7389 
2624 7590 6904 
2625 7590 9006 
2626 7592 6873 
2627 7592 7561 
2628 7592 9178 
2629 7593 8006 
2630 7594 7045 
2631 7595 6105 
2632 7595 8653 
2633 7595 8885 
2634 7596 8633 
2635 7597 7682 
2636 7597 8612 
2637 7598 6257 
2638 7598 9270 
2639 7598 9502 
2640 7600 8077 
2641 7600 9462 
2642 7600 9704 
2643 7601 7581 
2644 7601 10372 
2645 7602 7106 
2646 7602 8259 
2647 7604 8218 
2648 7604 9846 
2649 7605 6338 
2650 7606 9331 
2651 7607 6288 
2652 7607 6985 
2653 7607 7460 
2654 7607 8835 
2655 7607 9533 
2656 7611 7814 
2657 7611 8522 
2658 7613 5924 
2659 7613 6621 
2660 7613 6854 
2661 7614 7056 
2662 7615 6793 
2663 7615 7724 
2664 7615 10049 
2665 7616 6318 
2666 7617 6763 
2667 7617 7228 
2668 7618 6510 
2669 7618 8118 
2670 7618 9978 
2671 7619 8330 
2672 7620 7845 
2673 7620 10160 
2674 7624 6137 
2675 7625 7269 
2676 7625 8654 
2677 7626 7936 
2678 7626 8169 
2679 7626 9099 
2680 7627 6076 
2681 7628 6268 
2682 7628 8361 
2683 7629 6248 
2684 7629 9038 
2685 7630 6450 
2686 7630 6693 
2687 7630 6915 
2688 7632 7350 
2689 7632 10130 
2690 7633 6400 
2691 7633 8007 
2692 7633 9170 
2693 7633 9413 
2694 7634 9382 
2695 7634 10312 
2696 7635 6339 
2697 7635 9817 
2698 7635 10505 
2699 7636 6087 
2700 7636 9564 
2701 7636 9797 
2702 7637 7007 
2703 7638 7896 
2704 7639 6016 
2705 7639 7654 
2706 7639 7886 
2707 7639 8099 
2708 7640 6704 
2709 7640 7148 
2710 7640 9939 
2711 7642 7118 
2712 7642 9656 
2713 7642 10576 
2714 7644 6370 
2715 7644 6603 
2716 7644 10545 
2717 7646 7482 
2718 7646 8170 
2719 7646 10262 
2720 7648 6522 
2721 7648 7432 
2722 7649 8807 
2723 7650 7614 
2724 7650 9019 
2725 7650 10182 
2726 7651 5976 
2727 7652 6886 
2728 7653 6168 
2729 7653 7786 
2730 7653 8241 
2731 7653 8473 
2732 7654 7523 
2733 7654 8453 
2734 7654 9151 
2735 7654 9393 
2736 7655 10061 
2737 7656 9333 
2738 7657 7240 
2739 7658 6057 
2740 7658 9302 
2741 7659 8120 
2742 7659 8342 
2743 7659 9505 
2744 7659 9727 
2745 7660 6229 
2746 7660 6462 
2747 7660 6937 
2748 7661 8302 
2749 7662 6432 
2750 7663 8716 
2751 7663 9879 
2752 7664 8221 
2753 7665 6351 
2754 7665 6816 
2755 7665 8676 
2756 7665 10294 
2757 7667 6078 
2758 7667 6765 
2759 7667 9081 
2760 7668 7453 
2761 7669 7180 
2762 7669 8585 
2763 7671 6907 
2764 7672 8747 
2765 7672 9677 
2766 7675 7291 
2767 7676 7029 
2768 7676 8879 
2769 7677 6088 
2770 7677 6998 
2771 7677 7928 
2772 7678 8151 
2773 7680 7858 
2774 7680 8100 
2775 7680 9030 
2776 7681 5977 
2777 7682 9202 
2778 7684 6149 
2779 7684 6847 
2780 7685 7059 
2781 7685 8212 
2782 7686 6574 
2783 7686 9567 
2784 7687 6786 
2785 7688 6301 
2786 7689 6726 
2787 7690 6018 
2788 7690 9486 
2789 7691 6463 
2790 7691 6686 
2791 7691 9466 
2792 7692 8273 
2793 7692 9900 
2794 7693 7333 
2795 7693 8495 
2796 7693 8718 
2797 7693 8728 
2798 7693 8950 
2799 7693 9415 
2800 7694 7545 
2801 7695 8910 
2802 7695 9365 
2803 7696 7262 
2804 7696 7505 
2805 7696 8415 
2806 7696 9122 
2807 7696 10032 
2808 7696 10497 
2809 7698 7909 
2810 7698 9992 
2811 7699 6039 
2812 7699 8354 
2813 7699 8587 
2814 7699 10437 
2815 7700 7181 
2816 7700 7626 
2817 7700 10194 
2818 7700 10406 
2819 7701 8769 
2820 7702 6191 
2821 7702 8293 
2822 7704 7768 
2823 7704 9163 
2824 7704 9861 
2825 7705 6595 
2826 7706 7738 
2827 7706 9810 
2828 7707 7697 
2829 7707 7950 
2830 7708 6525 
2831 7708 6757 
2832 7708 9295 
2833 7709 6959 
2834 7709 8830 
2835 7710 10407 
2836 7711 6221 
2837 7712 7121 
2838 7713 6424 
2839 7713 6636 
2840 7714 10326 
2841 7715 8213 
2842 7715 8678 
2843 7716 8426 
2844 7717 6090 
2845 7718 6303 
2846 7719 6737 
2847 7719 6980 
2848 7719 7425 
2849 7720 6485 
2850 7720 8577 
2851 7720 9265 
2852 7720 9952 
2853 7721 8537 
2854 7721 9002 
2855 7721 10154 
2856 7721 10620 
2857 7723 6869 
2858 7723 8042 
2859 7725 7061 
2860 7725 7294 
2861 7725 10084 
2862 7726 6808 
2863 7727 10266 
2864 7730 7183 
2865 7731 6242 
2866 7731 7395 
2867 7732 7365 
2868 7732 7840 
2869 7736 8194 
2870 7737 6779 
2871 7737 8406 
2872 7737 8871 
2873 7739 6748 
2874 7739 7213 
2875 7739 7446 
2876 7740 9508 
2877 7740 9731 
2878 7741 6708 
2879 7741 6930 
2880 7741 10165 
2881 7744 8942 
2882 7745 6607 
2883 7745 9145 
2884 7745 9610 
2885 7747 6567 
2886 7747 7709 
2887 7747 10024 
2888 7747 10499 
2889 7748 9539 
2890 7749 6294 
2891 7749 7669 
2892 7749 8144 
2893 7749 9296 
2894 7750 10429 
2895 7752 6446 
2896 7752 8761 
2897 7752 10621 
2898 7753 7800 
2899 7753 7821 
2900 7753 8053 
2901 7753 8508 
2902 7754 8023 
2903 7754 8720 
2904 7754 9650 
2905 7754 9883 
2906 7755 6142 
2907 7755 6375 
2908 7756 7052 
2909 7758 7002 
2910 7758 9084 
2911 7759 6527 
2912 7759 9064 
2913 7760 6264 
2914 7760 8801 
2915 7762 6668 
2916 7762 8296 
2917 7762 9004 
2918 7762 9226 
2919 7765 9843 
2920 7766 7275 
2921 7766 7973 
2922 7766 9823 
2923 7767 10268 
2924 7769 6972 
2925 7770 6022 
2926 7770 7184 
2927 7770 7649 
2928 7770 7882 
2929 7770 10197 
2930 7771 8084 
2931 7771 9014 
2932 7772 6922 
2933 7772 9924 
2934 7773 6194 
2935 7773 7114 
2936 7774 7336 
2937 7775 10329 
2938 7778 6538 
2939 7779 9763 
2940 7779 9985 
2941 7779 10450 
2942 7780 6487 
2943 7780 8590 
2944 7781 8327 
2945 7781 8802 
2946 7782 7610 
2947 7782 10380 
2948 7784 8267 
2949 7784 9874 
2950 7785 8236 
2951 7785 10562 
2952 7786 6124 
2953 7786 7519 
2954 7787 7721 
2955 7787 9116 
2956 7787 9338 
2957 7788 6073 
2958 7789 7458 
2959 7789 9076 
2960 7789 9531 
2961 7790 6265 
2962 7790 7650 
2963 7791 6943 
2964 7791 9258 
2965 7792 6457 
2966 7792 8065 
2967 7792 10633 
2968 7794 6872 
2969 7794 7802 
2970 7794 10107 
2971 7795 6164 
2972 7795 6619 
2973 7796 6832 
2974 7796 8682 
2975 7796 10542 
2976 7797 8884 
2977 7797 9592 
2978 7798 7236 
2979 7799 6761 
2980 7799 8389 
2981 7799 8834 
2982 7801 6246 
2983 7802 5993 
2984 7802 7378 
2985 7803 9208 
2986 7803 10613 
2987 7804 6650 
2988 7805 5922 
2989 7806 8450 
2990 7807 7975 
2991 7807 8429 
2992 7808 8642 
2993 7808 9794 
2994 7809 7681 
2995 7809 10229 
2996 7810 6741 
2997 7810 7206 
2998 7810 9279 
2999 7810 10431 
3000 7810 10674 
3001 7811 6024 
3002 7812 7853 
3003 7812 9006 
3004 7813 7126 
3005 7813 8531 
3006 7814 8025 
3007 7814 9431 
3008 7816 8693 
3009 7817 6105 
3010 7817 7045 
3011 7817 10290 
3012 7818 9330 
3013 7819 6529 
3014 7819 9542 
3015 7819 10240 
3016 7820 6044 
3017 7820 6964 
3018 7820 10209 
3019 7823 7591 
3020 7824 6408 
3021 7824 8734 
3022 7824 8956 
3023 7824 9653 
3024 7826 6135 
3025 7826 6378 
3026 7826 6611 
3027 7826 10068 
3028 7828 7723 
3029 7828 7935 
3030 7830 7197 
3031 7831 9957 
3032 7832 6459 
3033 7832 6924 
3034 7833 6207 
3035 7834 5954 
3036 7834 10351 
3037 7835 6864 
3038 7835 8471 
3039 7835 9866 
3040 7836 7521 
3041 7836 8916 
3042 7836 9856 
3043 7837 7036 
3044 7837 7966 
3045 7837 8663 
3046 7837 10048 
3047 7838 9806 
3048 7838 10503 
3049 7839 6298 
3050 7839 8855 
3051 7840 8603 
3052 7840 9300 
3053 7840 10675 
3054 7841 8118 
3055 7841 9280 
3056 7843 6905 
3057 7843 8057 
3058 7844 8512 
3059 7847 9371 
3060 7848 8421 
3061 7849 6066 
3062 7851 6733 
3063 7851 7643 
3064 7851 8805 
3065 7851 9503 
3066 7851 9736 
3067 7852 6238 
3068 7852 6703 
3069 7853 7845 
3070 7854 7582 
3071 7854 9200 
3072 7854 9675 
3073 7855 7795 
3074 7855 8027 
3075 7856 6147 
3076 7856 7067 
3077 7856 7764 
3078 7856 10322 
3079 7857 7279 
3080 7857 9604 
3081 7859 6996 
3082 7859 8866 
3083 7860 6289 
3084 7860 7441 
3085 7860 8149 
3086 7861 8573 
3087 7861 9049 
3088 7862 7158 
3089 7862 8098 
3090 7862 9251 
3091 7862 10403 
3092 7863 6683 
3093 7864 6188 
3094 7865 6410 
3095 7865 6643 
3096 7865 7108 
3097 7865 8725 
3098 7866 9625 
3099 7867 6370 
3100 7867 6592 
3101 7868 8877 
3102 7869 7229 
3103 7869 7927 
3104 7869 8169 
3105 7870 7684 
3106 7871 8816 
3107 7872 9494 
3108 7872 9939 
3109 7873 8533 
3110 7873 8766 
3111 7874 9211 
3112 7874 9443 
3113 7875 9878 
3114 7875 10576 
3115 7876 7998 
3116 7877 6582 
3117 7877 7513 
3118 7877 9140 
3119 7878 6795 
3120 7878 7957 
3121 7878 9575 
3122 7878 9818 
3123 7879 9332 
3124 7880 6532 
3125 7881 6027 
3126 7881 8584 
3127 7884 7826 
3128 7884 8524 
3129 7885 8039 
3130 7886 8706 
3131 7887 6361 
3132 7887 9373 
3133 7889 6310 
3134 7889 7928 
3135 7890 6067 
3136 7890 7463 
3137 7890 7907 
3138 7891 6725 
3139 7892 6472 
3140 7892 7402 
3141 7892 10415 
3142 7893 6927 
3143 7894 6209 
3144 7896 8474 
3145 7896 10334 
3146 7897 6604 
3147 7897 7069 
3148 7897 8454 
3149 7899 6098 
3150 7900 8150 
3151 7900 10011 
3152 7902 8787 
3153 7902 9718 
3154 7902 9960 
3155 7903 7625 
3156 7904 7837 
3157 7905 6644 
3158 7906 6159 
3159 7906 6624 
3160 7906 10324 
3161 7907 7767 
3162 7907 10072 
3163 7909 9111 
3164 7909 9566 
3165 7910 6291 
3166 7911 8121 
3167 7911 9758 
3168 7912 6493 
3169 7912 8565 
3170 7913 7393 
3171 7913 10395 
3172 7914 7373 
3173 7914 9910 
3174 7915 8040 
3175 7915 8970 
3176 7915 10345 
3177 7917 6827 
3178 7918 6584 
3179 7918 7979 
3180 7918 8424 
3181 7918 9819 
3182 7919 7484 
3183 7919 9334 
3184 7920 6311 
3185 7920 10477 
3186 7921 7444 
3187 7921 9294 
3188 7923 6928 
3189 7923 8081 
3190 7924 9456 
3191 7924 9688 
3192 7925 7353 
3193 7925 7808 
3194 7925 9890 
3195 7926 8940 
3196 7926 9405 
3197 7926 9648 
3198 7927 7060 
3199 7928 8677 
3200 7929 10032 
3201 7930 6079 
3202 7930 6544 
3203 7930 8849 
3204 7931 6969 
3205 7931 7667 
3206 7932 6716 
3207 7932 8799 
3208 7932 9507 
3209 7934 7131 
3210 7934 9234 
3211 7935 6191 
3212 7935 6423 
3213 7935 9193 
3214 7936 7566 
3215 7937 9153 
3216 7937 9851 
3217 7938 6353 
3218 7938 7283 
3219 7938 7970 
3220 7938 10528 
3221 7940 6777 
3222 7940 7232 
3223 7940 9790 
3224 7944 6221 
3225 7945 6879 
3226 7946 8021 
3227 7947 7526 
3228 7947 10073 
3229 7949 6323 
3230 7951 6990 
3231 7952 6262 
3232 7952 6505 
3233 7952 8577 
3234 7952 9730 
3235 7953 6464 
3236 7953 9012 
3237 7954 9932 
3238 7955 9204 
3239 7958 9134 
3240 7959 8426 
3241 7959 8891 
3242 7959 10509 
3243 7961 6050 
3244 7961 7456 
3245 7961 9538 
3246 7962 7890 
3247 7963 9255 
3248 7963 9710 
3249 7964 6687 
3250 7964 8527 
3251 7965 8052 
3252 7965 10590 
3253 7966 6859 
3254 7966 7800 
3255 7966 9174 
3256 7966 9872 
3257 7967 6384 
3258 7967 7769 
3259 7967 8002 
3260 7967 9387 
3261 7971 6526 
3262 7971 6758 
3263 7971 7689 
3264 7971 8133 
3265 7972 7416 
3266 7973 6253 
3267 7973 7183 
3268 7974 6920 
3269 7975 8295 
3270 7975 9448 
3271 7976 7578 
3272 7978 6354 
3273 7978 9145 
3274 7979 6809 
3275 7982 7659 
3276 7983 7163 
3277 7983 7396 
3278 7983 7871 
3279 7983 8104 
3280 7984 6466 
3281 7984 10398 
3282 7985 6193 
3283 7986 6648 
3284 7986 7103 
3285 7986 7335 
3286 7986 10105 
3287 7988 8690 
3288 7989 6122 
3289 7989 6567 
3290 7990 7245 
3291 7990 7932 
3292 7991 9064 
3293 7992 9287 
3294 7993 6941 
3295 7994 9014 
3296 7995 8529 
3297 7996 8043 
3298 7996 8721 
3299 7996 8953 
3300 7996 10348 
3301 7998 6608 
3302 7998 7285 
3303 7998 10531 
3304 7999 9348 
3305 7999 9580 
3306 8000 6315 
3307 8000 6547 
3308 8001 7700 
3309 8001 8842 
3310 8002 6729 
3311 8002 6962 
3312 8002 8822 
3313 8004 8094 
3314 8004 9924 
3315 8005 8762 
3316 8006 6881 
3317 8006 7569 
3318 8007 8004 
3319 8007 8479 
3320 8007 9176 
3321 8008 6831 
3322 8008 8448 
3323 8009 9116 
3324 8010 6336 
3325 8010 7256 
3326 8010 8175 
3327 8011 7933 
3328 8012 6275 
3329 8012 7893 
3330 8013 6497 
3331 8013 9490 
3332 8015 6437 
3333 8016 7812 
3334 8016 9429 
3335 8016 10349 
3336 8017 9874 
3337 8017 10572 
3338 8019 9834 
3339 8020 6781 
3340 8020 9349 
3341 8021 8146 
3342 8022 8125 
3343 8022 8601 
3344 8022 9763 
3345 8024 7155 
3346 8026 6650 
3347 8026 7347 
3348 8026 8035 
3349 8026 9197 
3350 8027 6407 
3351 8027 9400 
3352 8027 10330 
3353 8028 7074 
3354 8028 7297 
3355 8029 7519 
3356 8029 10299 
3357 8030 7954 
3358 8030 9561 
3359 8031 6316 
3360 8031 7004 
3361 8031 10016 
3362 8032 9056 
3363 8033 6721 
3364 8033 7196 
3365 8033 7661 
3366 8033 8813 
3367 8034 6923 
3368 8034 6943 
3369 8034 7398 
3370 8034 9016 
3371 8035 6438 
3372 8036 6883 
3373 8036 10118 
3374 8036 10350 
3375 8036 10370 
3376 8037 7782 
3377 8038 6145 
3378 8039 6357 
3379 8039 8662 
3380 8039 10067 
3381 8040 6569 
3382 8040 6802 
3383 8040 7722 
3384 8041 9087 
3385 8042 7904 
3386 8043 6499 
3387 8044 7166 
3388 8044 9481 
3389 8044 9956 
3390 8045 6216 
3391 8045 7601 
3392 8045 9451 
3393 8045 9683 
3394 8047 7571 
3395 8047 8015 
3396 8047 8723 
3397 8049 6600 
3398 8049 9128 
3399 8049 9593 
3400 8050 10270 
3401 8051 8167 
3402 8054 6701 
3403 8055 7136 
3404 8056 6883 
3405 8056 9199 
3406 8058 6621 
3407 8058 6843 
3408 8061 7480 
3409 8061 8400 
3410 8062 6297 
3411 8063 7652 
3412 8065 9462 
3413 8066 6439 
3414 8066 7116 
3415 8067 6651 
3416 8067 8481 
3417 8068 9391 
3418 8068 10089 
3419 8068 10331 
3420 8069 8684 
3421 8070 8421 
3422 8071 7248 
3423 8071 8633 
3424 8071 9321 
3425 8071 9563 
3426 8071 9796 
3427 8072 9988 
3428 8073 6733 
3429 8073 9523 
3430 8074 6490 
3431 8076 8057 
3432 8077 6187 
3433 8077 7329 
3434 8077 8037 
3435 8077 9887 
3436 8079 8451 
3437 8080 6339 
3438 8080 6814 
3439 8081 8876 
3440 8081 9099 
3441 8082 8138 
3442 8084 8573 
3443 8084 9260 
3444 8085 6450 
3445 8085 9008 
3446 8085 9705 
3447 8085 9928 
3448 8087 10110 
3449 8088 7775 
3450 8089 7057 
3451 8089 9139 
3452 8089 9847 
3453 8090 8654 
3454 8091 6319 
3455 8091 6551 
3456 8091 6774 
3457 8091 7714 
3458 8091 10019 
3459 8092 6521 
3460 8092 6541 
3461 8092 7451 
3462 8092 9069 
3463 8095 6936 
3464 8096 8513 
3465 8096 9453 
3466 8098 8007 
3467 8098 8948 
3468 8098 9170 
3469 8100 7967 
3470 8103 6269 
3471 8103 8129 
3472 8103 8351 
3473 8103 8372 
3474 8104 6481 
3475 8104 7421 
3476 8104 9029 
3477 8105 6239 
3478 8107 9201 
3479 8108 8483 
3480 8108 9636 
3481 8109 6380 
3482 8109 6603 
3483 8112 9777 
3484 8113 7209 
3485 8113 9070 
3486 8114 9727 
3487 8115 7392 
3488 8117 6876 
3489 8117 8049 
3490 8118 7796 
3491 8118 8716 
3492 8119 7068 
3493 8119 8928 
3494 8119 10081 
3495 8120 6815 
3496 8121 7260 
3497 8121 7958 
3498 8121 8403 
3499 8122 7928 
3500 8123 6987 
3501 8124 8575 
3502 8125 9940 
3503 8126 7139 
3504 8126 8069 
3505 8126 8534 
3506 8127 7352 
3507 8128 9404 
3508 8129 7756 
3509 8129 9161 
3510 8129 9849 
3511 8131 6331 
3512 8132 8151 
3513 8133 7685 
3514 8133 8130 
3515 8134 6735 
3516 8134 8343 
3517 8135 6240 
3518 8135 6927 
3519 8135 8090 
3520 8136 6210 
3521 8136 8292 
3522 8136 9697 
3523 8137 6432 
3524 8137 8050 
3525 8138 7099 
3526 8138 7554 
3527 8139 8009 
3528 8141 7039 
3529 8141 9111 
3530 8142 6543 
3531 8142 8859 
3532 8142 10011 
3533 8145 8101 
3534 8145 9243 
3535 8145 9496 
3536 8147 9668 
3537 8148 6877 
3538 8148 7322 
3539 8149 6160 
3540 8150 8667 
3541 8151 8889 
3542 8152 6311 
3543 8153 7221 
3544 8153 9304 
3545 8154 6493 
3546 8154 7879 
3547 8154 9516 
3548 8155 7626 
3549 8155 9264 
3550 8156 9011 
3551 8157 6655 
3552 8157 9901 
3553 8158 9415 
3554 8159 6393 
3555 8159 6837 
3556 8159 7778 
3557 8160 7292 
3558 8161 8425 
3559 8162 6787 
3560 8164 9982 
3561 8165 6716 
3562 8166 7151 
3563 8166 8304 
3564 8167 8061 
3565 8168 8728 
3566 8169 6626 
3567 8169 8466 
3568 8169 8931 
3569 8170 7990 
3570 8171 6575 
3571 8171 7040 
3572 8172 7697 
3573 8172 8395 
3574 8172 9335 
3575 8173 7232 
3576 8174 6282 
3577 8174 6504 
3578 8174 6747 
3579 8174 6969 
3580 8174 8587 
3581 8174 9507 
3582 8176 6454 
3583 8176 6929 
3584 8176 8072 
3585 8178 8264 
3586 8179 9629 
3587 8180 7516 
3588 8181 9366 
3589 8181 10043 
3590 8182 8648 
3591 8183 7910 
3592 8183 8143 
3593 8184 7213 
3594 8185 8800 
3595 8186 8547 
3596 8187 7354 
3597 8187 8517 
3598 8188 9437 
3599 8189 7557 
3600 8190 6374 
3601 8190 8679 
3602 8191 6586 
3603 8192 8173 
3604 8192 9103 
3605 8192 9791 
3606 8193 6526 
3607 8193 8851 
3608 8195 9255 
3609 8196 9943 
3610 8198 7112 
3611 8198 8972 
3612 8199 6637 
3613 8199 8012 
3614 8200 6829 
3615 8200 7304 
3616 8201 8437 
3617 8201 8892 
3618 8202 6334 
3619 8202 7021 
3620 8202 9559 
3621 8203 6304 
3622 8203 7466 
3623 8204 7668 
3624 8204 8366 
3625 8206 9013 
3626 8207 6900 
3627 8207 7598 
3628 8209 6405 
3629 8209 8487 
3630 8209 9650 
3631 8210 9145 
3632 8210 9387 
3633 8211 7739 
3634 8211 9124 
3635 8212 7497 
3636 8212 8174 
3637 8212 9579 
3638 8212 10034 
3639 8213 9074 
3640 8214 6516 
3641 8215 7184 
3642 8216 6941 
3643 8216 7851 
3644 8216 9711 
3645 8217 6688 
3646 8217 7376 
3647 8218 8053 
3648 8219 6870 
3649 8219 7335 
3650 8219 9185 
3651 8220 6618 
3652 8220 8235 
3653 8221 8205 
3654 8221 9822 
3655 8223 8397 
3656 8223 8852 
3657 8224 6749 
3658 8224 6972 
3659 8225 6497 
3660 8225 8357 
3661 8227 8306 
3662 8228 8974 
3663 8229 8266 
3664 8229 8711 
3665 8230 7771 
3666 8231 6578 
3667 8231 6820 
3668 8238 6891 
3669 8238 7589 
3670 8238 7811 
3671 8238 9894 
3672 8241 8438 
3673 8242 6558 
3674 8242 7023 
3675 8243 6780 
3676 8243 8641 
3677 8243 9561 
3678 8243 9793 
3679 8243 10016 
3680 8244 7225 
3681 8244 7458 
3682 8244 9075 
3683 8245 6720 
3684 8245 6740 
3685 8245 7185 
3686 8245 9268 
3687 8246 6467 
3688 8246 9035 
3689 8247 8075 
3690 8248 7367 
3691 8249 6407 
3692 8249 7559 
3693 8250 6609 
3694 8250 9632 
3695 8251 7984 
3696 8253 6326 
3697 8253 9328 
3698 8254 6518 
3699 8256 6943 
3700 8256 9015 
3701 8256 9490 
3702 8257 7610 
3703 8257 7853 
3704 8257 8318 
3705 8257 9703 
3706 8259 8025 
3707 8260 7307 
3708 8260 8015 
3709 8260 9400 
3710 8261 6832 
3711 8261 8217 
3712 8262 9814 
3713 8264 6539 
3714 8264 7691 
3715 8264 8834 
3716 8265 6731 
3717 8265 7428 
3718 8265 8591 
3719 8266 7166 
3720 8266 8338 
3721 8267 6448 
3722 8267 8551 
3723 8269 8500 
3724 8269 8955 
3725 8270 8702 
3726 8271 9137 
3727 8272 6812 
3728 8272 7045 
3729 8272 7277 
3730 8273 8642 
3731 8273 9107 
3732 8274 8854 
3733 8275 6974 
3734 8275 8126 
3735 8275 9976 
3736 8276 6479 
3737 8278 9451 
3738 8279 8036 
3739 8279 8278 
3740 8279 9188 
3741 8281 6378 
3742 8281 7075 
3743 8282 9360 
3744 8283 7712 
3745 8284 8147 
3746 8284 9077 
3747 8285 9512 
3748 8287 6924 
3749 8287 8541 
3750 8287 8784 
3751 8288 8299 
3752 8289 6418 
3753 8289 7116 
3754 8290 9401 
3755 8292 6590 
3756 8293 6560 
3757 8293 7955 
3758 8293 8410 
3759 8295 7662 
3760 8295 9300 
3761 8296 7420 
3762 8296 8582 
3763 8297 7157 
3764 8297 9239 
3765 8298 9694 
3766 8298 9927 
3767 8299 8047 
3768 8299 8512 
3769 8303 7016 
3770 8303 8886 
3771 8304 6298 
3772 8304 9553 
3773 8305 6975 
3774 8305 7895 
3775 8305 8128 
3776 8308 6672 
3777 8308 7602 
3778 8308 8755 
3779 8309 9675 
3780 8310 9644 
3781 8311 7774 
3782 8311 8927 
3783 8313 6804 
3784 8313 7259 
3785 8313 9331 
3786 8314 8634 
3787 8315 8371 
3788 8317 9018 
3789 8318 6915 
3790 8318 8310 
3791 8318 9463 
3792 8319 7117 
3793 8319 9887 
3794 8320 6865 
3795 8320 8250 
3796 8321 9160 
3797 8322 9129 
3798 8323 7027 
3799 8323 7947 
3800 8323 8654 
3801 8324 6531 
3802 8324 6764 
3803 8324 7694 
3804 8325 9069 
3805 8326 8816 
3806 8328 6451 
3807 8329 8523 
3808 8329 8735 
3809 8331 6390 
3810 8331 8705 
3811 8332 7280 
3812 8333 7502 
3813 8333 8190 
3814 8333 9352 
3815 8334 6784 
3816 8334 8867 
3817 8336 9271 
3818 8337 6481 
3819 8340 8958 
3820 8342 6815 
3821 8342 8685 
3822 8342 9605 
3823 8343 6340 
3824 8344 9100 
3825 8345 6300 
3826 8345 6997 
3827 8345 8847 
3828 8346 8807 
3829 8347 7179 
3830 8347 8322 
3831 8348 7614 
3832 8348 9929 
3833 8349 7816 
3834 8350 8029 
3835 8350 9424 
3836 8351 7553 
3837 8352 9838 
3838 8353 7958 
3839 8355 7918 
3840 8355 8140 
3841 8356 6745 
3842 8357 7402 
3843 8357 8110 
3844 8357 9040 
3845 8358 8777 
3846 8359 7139 
3847 8359 9919 
3848 8361 8241 
3849 8362 7766 
3850 8363 8888 
3851 8364 7251 
3852 8365 8373 
3853 8366 7655 
3854 8367 6472 
3855 8369 9222 
3856 8371 6382 
3857 8371 7312 
3858 8371 8484 
3859 8372 6372 
3860 8372 7069 
3861 8372 8444 
3862 8374 6331 
3863 8374 8646 
3864 8378 7393 
3865 8379 7595 
3866 8379 8070 
3867 8379 8758 
3868 8380 6877 
3869 8380 7110 
3870 8380 9900 
3871 8381 9162 
3872 8382 9375 
3873 8385 6756 
3874 8386 9284 
3875 8387 7868 
3876 8388 9243 
3877 8388 9486 
3878 8389 6898 
3879 8390 8040 
3880 8392 6848 
3881 8393 6362 
3882 8393 6575 
3883 8393 7050 
3884 8393 8657 
3885 8393 8890 
3886 8395 6544 
3887 8395 7009 
3888 8395 7222 
3889 8395 7454 
3890 8395 9314 
3891 8396 7202 
3892 8396 8597 
3893 8397 8122 
3894 8398 7171 
3895 8399 6454 
3896 8399 6666 
3897 8399 7131 
3898 8400 8283 
3899 8400 8516 
3900 8400 9669 
3901 8401 6636 
3902 8401 7798 
3903 8401 8718 
3904 8401 9648 
3905 8403 7273 
3906 8403 9830 
3907 8405 9315 
3908 8406 6525 
3909 8407 6727 
3910 8408 6697 
3911 8408 6929 
3912 8409 8992 
3913 8409 9224 
3914 8410 7344 
3915 8412 8223 
3916 8413 9598 
3917 8414 8881 
3918 8415 8385 
3919 8416 7445 
3920 8420 7577 
3921 8420 8052 
3922 8421 6414 
3923 8421 7102 
3924 8421 8264 
3925 8422 7769 
3926 8422 8931 
3927 8423 6829 
3928 8423 7061 
3929 8424 7718 
3930 8424 8659 
3931 8424 9124 
3932 8426 7921 
3933 8426 9073 
3934 8427 7183 
3935 8427 8588 
3936 8427 8810 
3937 8427 9275 
3938 8429 8072 
3939 8429 8760 
3940 8431 7800 
3941 8431 9427 
3942 8432 6607 
3943 8432 9164 
3944 8434 7496 
3945 8435 6769 
3946 8436 8376 
3947 8436 9306 
3948 8437 6971 
3949 8437 7668 
3950 8437 8133 
3951 8437 8346 
3952 8438 7871 
3953 8440 8053 
3954 8441 6648 
3955 8441 6880 
3956 8442 7547 
3957 8442 8002 
3958 8443 8680 
3959 8444 6567 
3960 8444 9357 
3961 8445 7002 
3962 8445 7244 
3963 8445 8629 
3964 8446 7457 
3965 8446 7689 
3966 8446 8842 
3967 8448 6486 
3968 8448 9024 
3969 8449 6921 
3970 8450 8508 
3971 8452 6850 
3972 8452 8710 
3973 8454 8882 
3974 8455 6547 
3975 8455 7932 
3976 8457 9509 
3977 8458 7639 
3978 8458 8114 
3979 8460 7821 
3980 8461 7346 
3981 8461 8276 
3982 8462 8478 
3983 8462 9408 
3984 8462 9631 
3985 8463 7983 
3986 8463 8216 
3987 8463 8448 
3988 8464 7043 
3989 8464 9115 
3990 8465 8418 
3991 8465 9560 
3992 8467 8600 
3993 8467 9045 
3994 8468 7174 
3995 8468 7872 
3996 8469 6457 
3997 8469 8539 
3998 8471 6649 
3999 8472 7084 
4000 8472 8944 
4001 8472 9176 
4002 8474 6811 
4003 8474 7741 
4004 8475 7711 
4005 8476 7468 
4006 8476 9308 
4007 8477 6973 
4008 8478 6497 
4009 8478 6710 
4010 8480 7377 
4011 8481 6872 
4012 8481 8034 
4013 8484 7266 
4014 8484 9126 
4015 8485 7034 
4016 8486 6761 
4017 8487 6518 
4018 8487 8591 
4019 8488 9278 
4020 8489 6700 
4021 8490 6670 
4022 8490 6913 
4023 8490 8308 
4024 8490 9460 
4025 8491 6417 
4026 8491 7337 
4027 8491 7812 
4028 8491 9197 
4029 8492 6640 
4030 8492 8490 
4031 8494 6589 
4032 8494 8197 
4033 8495 6802 
4034 8496 7924 
4035 8496 8621 
4036 8496 8854 
4037 8498 7661 
4038 8499 7408 
4039 8499 7863 
4040 8500 9006 
4041 8501 8045 
4042 8501 9430 
4043 8502 6863 
4044 8506 7004 
4045 8506 7227 
4046 8507 8379 
4047 8507 9057 
4048 8507 9077 
4049 8510 8541 
4050 8513 9158 
4051 8514 9370 
4052 8515 6560 
4053 8515 6570 
4054 8515 7025 
4055 8515 7500 
4056 8515 7955 
4057 8515 8177 
4058 8516 6782 
4059 8517 6530 
4060 8518 8592 
4061 8519 7167 
4062 8519 7409 
4063 8521 7126 
4064 8521 7814 
4065 8522 7339 
4066 8524 8441 
4067 8524 8916 
4068 8526 9320 
4069 8527 7915 
4070 8528 6965 
4071 8530 6924 
4072 8531 6672 
4073 8532 8259 
4074 8532 8957 
4075 8533 8016 
4076 8533 8481 
4077 8539 6470 
4078 8539 7643 
4079 8540 8320 
4080 8540 9230 
4081 8541 7835 
4082 8543 6622 
4083 8543 7309 
4084 8544 7987 
4085 8545 8189 
4086 8546 7006 
4087 8546 8411 
4088 8547 6763 
4089 8547 8381 
4090 8548 6733 
4091 8548 7886 
4092 8549 6956 
4093 8549 8573 
4094 8550 7380 
4095 8550 8078 
4096 8551 6430 
4097 8551 6905 
4098 8552 7795 
4099 8553 6865 
4100 8553 7552 
4101 8553 9160 
4102 8554 8230 
4103 8555 6572 
4104 8555 9362 
4105 8556 7471 
4106 8558 6511 
4107 8558 7664 
4108 8559 9271 
4109 8560 6693 
4110 8560 9241 
4111 8561 7138 
4112 8564 6592 
4113 8565 8200 
4114 8565 8442 
4115 8566 6784 
4116 8567 7239 
4117 8569 7866 
4118 8569 8341 
4119 8571 6663 
4120 8571 7604 
4121 8572 9201 
4122 8575 6815 
4123 8576 7947 
4124 8578 8140 
4125 8579 6724 
4126 8581 7836 
4127 8581 8059 
4128 8581 8302 
4129 8581 8534 
4130 8582 7806 
4131 8583 7786 
4132 8584 7533 
4133 8584 7988 
4134 8585 7291 
4135 8586 7018 
4136 8586 7725 
4137 8587 7463 
4138 8587 9090 
4139 8589 6482 
4140 8591 6917 
4141 8594 6604 
4142 8596 7261 
4143 8596 7493 
4144 8597 6533 
4145 8597 6766 
4146 8600 6938 
4147 8600 7868 
4148 8602 6887 
4149 8602 7120 
4150 8604 8242 
4151 8605 9142 
4152 8607 8404 
4153 8608 6523 
4154 8610 8333 
4155 8612 6655 
4156 8614 6837 
4157 8615 7980 
4158 8615 8212 
4159 8617 8172 
4160 8618 6514 
4161 8618 6979 
4162 8622 7353 
4163 8622 8283 
4164 8624 8475 
4165 8625 6605 
4166 8627 7929 
4167 8627 8395 
4168 8628 6757 
4169 8628 7232 
4170 8628 8142 
4171 8629 7202 
4172 8630 6939 
4173 8632 6888 
4174 8632 8061 
4175 8633 6646 
4176 8634 7556 
4177 8635 7050 
4178 8635 7980 
4179 8636 6585 
4180 8637 6788 
4181 8637 7475 
4182 8639 6494 
4183 8639 6737 
4184 8640 8112 
4185 8641 6687 
4186 8643 7111 
4187 8643 7334 
4188 8646 7738 
4189 8649 8355 
4190 8651 7395 
4191 8651 8537 
4192 8652 6899 
4193 8655 8214 
4194 8659 8143 
4195 8661 7860 
4196 8661 8315 
4197 8662 8073 
4198 8663 6657 
4199 8666 7517 
4200 8667 6556 
4201 8668 8386 
4202 8669 6506 
4203 8669 7203 
4204 8670 7891 
4205 8671 7628 
4206 8673 8043 
4207 8673 8265 
4208 8674 6860 
4209 8676 7750 
4210 8676 7982 
4211 8678 7932 
4212 8683 8508 
4213 8684 8488 
4214 8685 7073 
4215 8686 6587 
4216 8686 6830 
4217 8687 7032 
4218 8688 6780 
4219 8688 7477 
4220 8688 7922 
4221 8690 7427 
4222 8691 6931 
4223 8694 7326 
4224 8695 7548 
4225 8696 8448 
4226 8698 7013 
4227 8700 6740 
4228 8700 6972 
4229 8702 7599 
4230 8703 6902 
4231 8705 7781 
4232 8705 8226 
4233 8707 8186 
4234 8709 7215 
4235 8710 7428 
4236 8711 6720 
4237 8711 8338 
4238 8712 7387 
4239 8713 7812 
4240 8718 8409 
4241 8722 6700 
4242 8722 7155 
4243 8722 7843 
4244 8723 8287 
4245 8725 7539 
4246 8726 7984 
4247 8727 6802 
4248 8728 6559 
4249 8728 7014 
4250 8728 7257 
4251 8732 6933 
4252 8733 7600 
4253 8734 6873 
4254 8736 8450 
4255 8737 6812 
4256 8738 7489 
4257 8740 7196 
4258 8743 6903 
4259 8743 7368 
4260 8744 7803 
4261 8745 7096 
4262 8745 8248 
4263 8746 7065 
4264 8746 7308 
4265 8748 6550 
4266 8748 6792 
4267 8750 6742 
4268 8750 6964 
4269 8750 7439 
4270 8750 8359 
4271 8752 7389 
4272 8752 8309 
4273 8755 7551 
4274 8758 8410 
4275 8759 8168 
4276 8759 8390 
4277 8762 8097 
4278 8763 7359 
4279 8764 8037 
4280 8766 6844 
4281 8766 7986 
4282 8769 6773 
4283 8770 6743 
4284 8771 6723 
4285 8771 6945 
4286 8771 7643 
4287 8773 6682 
4288 8776 7299 
4289 8779 7936 
4290 8781 6966 
4291 8781 7431 
4292 8781 8341 
4293 8782 6925 
4294 8782 7178 
4295 8783 8068 
4296 8787 8432 
4297 8791 6734 
4298 8792 7401 
4299 8792 7866 
4300 8795 8038 
4301 8797 7280 
4302 8797 7745 
4303 8797 7977 
4304 8799 8402 
4305 8800 7452 
4306 8803 7614 
4307 8805 7563 
4308 8806 7321 
4309 8807 7523 
4310 8811 7654 
4311 8812 7412 
4312 8813 6694 
4313 8814 7826 
4314 8818 7048 
4315 8819 7018 
4316 8820 7230 
4317 8820 7918 
4318 8821 6967 
4319 8822 6715 
4320 8824 6907 
4321 8824 7352 
4322 8826 8009 
4323 8829 6796 
4324 8829 7706 
4325 8836 7777 
4326 8839 7251 
4327 8840 6756 
4328 8843 6685 
4329 8849 7949 
4330 8851 7899 
4331 8852 6726 
4332 8853 6938 
4333 8858 7980 
4334 8862 7879 
4335 8864 7606 
4336 8865 7819 
4337 8866 6858 
4338 8866 7091 
4339 8867 7313 
4340 8868 6818 
4341 8868 7748 
4342 8869 7253 
4343 8870 7697 
4344 8874 6677 
4345 8874 7364 
4346 8874 8062 
4347 8875 6899 
4348 8876 7789 
4349 8877 7546 
4350 8879 7031 
4351 8879 7728 
4352 8883 6940 
4353 8885 7132 
4354 8885 7809 
4355 8886 7334 
4356 8891 6748 
4357 8895 6667 
4358 8898 6829 
4359 8898 7294 
4360 8900 6779 
4361 8900 7001 
4362 8902 7426 
4363 8903 6708 
4364 8903 7648 
4365 8903 7861 
4366 8907 6860 
4367 8910 7487 
4368 8911 7214 
4369 8913 6941 
4370 8917 6628 
4371 8919 6577 
4372 8922 6729 
4373 8922 6982 
4374 8925 6901 
4375 8925 7376 
4376 8926 6871 
4377 8926 7811 
4378 8928 7073 
4379 8930 7720 
4380 8931 6760 
4381 8934 7862 
4382 8936 6649 
4383 8939 7033 
4384 8939 7286 
4385 8940 6801 
4386 8943 6710 
4387 8948 6609 
4388 8951 7003 
4389 8952 6741 
4390 8953 7428 
4391 8954 6690 
4392 8957 7337 
4393 8961 6539 
4394 8962 6509 
4395 8969 6590 
4396 8969 6822 
4397 8970 6802 
4398 8970 7267 
4399 8971 7227 
4400 8972 7207 
4401 8973 6954 
4402 8974 7409 
4403 8977 6873 
4404 8983 6742 
4405 8985 6691 
4406 8986 6651 
4407 8988 6621 
4408 8994 6490 
4409 8994 6935 
4410 8996 6904 
4411 9002 6996 
4412 9005 6682 
4413 9007 7097 
4414 9009 6602 
4415 9011 6784 
4416 9012 6531 
4417 9019 7057 
4418 9020 6814 
4419 9022 6541 
4420 9024 6481 
4421 9025 6936 
4422 9030 6572 
4423 9033 6734 
4424 9037 6653 
4425 9038 7088 
4426 9043 6512 
4427 9043 6987 
4428 9045 6462 
4429 9046 6684 
4430 9054 6715 
4431 9056 6917 
4432 9060 6594 
4433 9060 7059 
4434 9064 7190 
4435 9070 6817 
4436 9072 6766 
4437 9076 6928 
4438 9078 6867 
4439 9082 6544 
4440 9083 6989 
4441 9087 6676 
4442 9090 6595 
4443 9094 6737 
4444 9098 6646 
4445 9101 6798 
4446 9102 6778 
4447 9108 6889 
4448 9110 6606 
4449 9120 7061 
4450 9126 7163 
4451 9127 6677 
4452 9128 7122 
4453 9129 7082 
4454 9131 7042 
4455 9134 6738 
4456 9140 6830 
4457 9143 6779 
4458 9158 6901 
4459 9166 6932 
4460 9176 6953 
