99
0 6 4 
1 15 15 
2 24 18 
3 33 12 
4 48 12 
5 57 14 
6 67 10 
7 77 10 
8 86 15 
9 6 21 
10 17 26 
11 23 25 
12 32 35 
13 43 23 
14 55 35 
15 65 36 
16 78 39 
17 87 35 
18 3 53 
19 12 44 
20 28 53 
21 33 49 
22 47 46 
23 55 52 
24 64 50 
25 71 57 
26 87 57 
27 4 72 
28 15 78 
29 22 70 
30 34 71 
31 42 79 
32 54 77 
33 66 79 
34 78 67 
35 87 73 
36 7 81 
37 17 95 
38 26 98 
39 32 97 
40 43 88 
41 57 89 
42 64 85 
43 78 83 
44 83 98 
45 5 109 
46 13 111 
47 25 102 
48 38 119 
49 46 107 
50 58 110 
51 67 110 
52 74 113 
53 88 110 
54 2 124 
55 17 134 
56 23 129 
57 36 131 
58 42 137 
59 53 123 
60 63 135 
61 72 134 
62 87 129 
63 2 146 
64 16 147 
65 25 153 
66 38 155 
67 42 158 
68 57 154 
69 66 151 
70 73 151 
71 86 149 
72 5 177 
73 13 162 
74 25 169 
75 35 177 
76 46 172 
77 54 166 
78 65 174 
79 73 161 
80 86 162 
81 2 195 
82 14 196 
83 28 189 
84 38 187 
85 46 195 
86 57 194 
87 63 188 
88 77 193 
89 85 194 
90 8 211 
91 12 217 
92 22 210 
93 34 216 
94 47 203 
95 58 213 
96 66 206 
97 78 210 
98 85 204 
