101
0 41 49 
1 35 17 
2 55 45 
3 55 20 
4 15 30 
5 25 30 
6 20 50 
7 10 43 
8 55 60 
9 30 60 
10 20 65 
11 50 35 
12 30 25 
13 15 10 
14 30 5 
15 10 20 
16 5 30 
17 20 40 
18 15 60 
19 45 65 
20 45 20 
21 45 10 
22 55 5 
23 65 35 
24 65 20 
25 45 30 
26 35 40 
27 41 37 
28 64 42 
29 40 60 
30 31 52 
31 35 69 
32 53 52 
33 65 55 
34 63 65 
35 2 60 
36 20 20 
37 5 5 
38 60 12 
39 40 25 
40 42 7 
41 24 12 
42 23 3 
43 11 14 
44 6 38 
45 2 48 
46 8 56 
47 13 52 
48 6 68 
49 47 47 
50 49 58 
51 27 43 
52 37 31 
53 57 29 
54 63 23 
55 53 12 
56 32 12 
57 36 26 
58 21 24 
59 17 34 
60 12 24 
61 24 58 
62 27 69 
63 15 77 
64 62 77 
65 49 73 
66 67 5 
67 56 39 
68 37 47 
69 37 56 
70 57 68 
71 47 16 
72 44 17 
73 46 13 
74 49 11 
75 49 42 
76 53 43 
77 61 52 
78 57 48 
79 56 37 
80 55 54 
81 15 47 
82 14 37 
83 11 31 
84 16 22 
85 4 18 
86 28 18 
87 26 52 
88 26 35 
89 31 67 
90 15 19 
91 22 22 
92 18 24 
93 26 27 
94 25 24 
95 22 27 
96 25 21 
97 19 21 
98 20 26 
99 18 18 
100 35 35 
