105
0 63 71 
1 94 71 
2 142 370 
3 173 1276 
4 205 1213 
5 213 69 
6 244 69 
7 276 630 
8 283 732 
9 362 69 
10 394 69 
11 449 370 
12 480 1276 
13 512 1213 
14 528 157 
15 583 630 
16 591 732 
17 638 654 
18 638 496 
19 638 314 
20 638 142 
21 669 142 
22 677 315 
23 677 496 
24 677 654 
25 709 654 
26 709 496 
27 709 315 
28 701 142 
29 764 220 
30 811 189 
31 843 173 
32 858 370 
33 890 1276 
34 921 1213 
35 992 630 
36 1000 732 
37 1197 1276 
38 1228 1213 
39 1276 205 
40 1299 630 
41 1307 732 
42 1362 654 
43 1362 496 
44 1362 291 
45 1425 654 
46 1425 496 
47 1425 291 
48 1417 173 
49 1488 291 
50 1488 496 
51 1488 654 
52 1551 654 
53 1551 496 
54 1551 291 
55 1614 291 
56 1614 496 
57 1614 654 
58 1732 189 
59 1811 1276 
60 1843 1213 
61 1913 630 
62 1921 732 
63 2087 370 
64 2118 1276 
65 2150 1213 
66 2189 205 
67 2220 189 
68 2220 630 
69 2228 732 
70 2244 142 
71 2276 315 
72 2276 496 
73 2276 654 
74 2315 654 
75 2315 496 
76 2315 315 
77 2331 142 
78 2346 315 
79 2346 496 
80 2346 654 
81 2362 142 
82 2402 157 
83 2402 220 
84 2480 142 
85 2496 370 
86 2528 1276 
87 2559 1213 
88 2630 630 
89 2638 732 
90 2756 69 
91 2787 69 
92 2803 370 
93 2835 1276 
94 2866 1213 
95 2906 69 
96 2937 69 
97 2937 630 
98 2945 732 
99 3016 1276 
100 3055 69 
101 3087 69 
102 606 220 
103 1165 370 
104 1780 370 
