226
0 15625 1150 
1 14625 1200 
2 14525 1200 
3 14425 1200 
4 14125 1200 
5 14025 1200 
6 13925 1200 
7 13975 1500 
8 13625 1200 
9 13475 1200 
10 13475 1600 
11 13475 1750 
12 13475 1900 
13 13325 1200 
14 13175 1200 
15 13100 1725 
16 12675 1725 
17 12025 1300 
18 11425 1600 
19 9725 1450 
20 7975 1150 
21 6975 1200 
22 6875 1200 
23 6775 1200 
24 6475 1200 
25 6375 1200 
26 6275 1200 
27 6325 1500 
28 5975 1200 
29 5825 1200 
30 5825 1600 
31 5825 1750 
32 5825 1900 
33 5675 1200 
34 5525 1200 
35 5450 1725 
36 5025 1725 
37 4375 1300 
38 3775 1600 
39 2075 1450 
40 2075 3850 
41 3775 2300 
42 4375 3300 
43 5025 2150 
44 5450 2150 
45 5475 2500 
46 5475 3000 
47 5825 2050 
48 6325 2200 
49 7975 2150 
50 8725 2550 
51 8725 2650 
52 8725 2750 
53 8725 2850 
54 8725 2950 
55 8725 3050 
56 8725 3200 
57 8725 3300 
58 8725 3400 
59 8725 3500 
60 8725 3600 
61 8725 3700 
62 8725 3800 
63 9725 3850 
64 11425 2300 
65 12025 3300 
66 12675 2150 
67 13100 2150 
68 13125 2500 
69 13125 3000 
70 13475 2050 
71 13975 2200 
72 15625 2150 
73 16375 2550 
74 16375 2650 
75 16375 2750 
76 16375 2850 
77 16375 2950 
78 16375 3050 
79 16375 3200 
80 16375 3300 
81 16375 3400 
82 16375 3500 
83 16375 3600 
84 16375 3700 
85 16375 3800 
86 4875 6500 
87 4875 6700 
88 4875 6600 
89 4875 6800 
90 4875 6900 
91 4875 7000 
92 4875 7100 
93 4875 7200 
94 4975 6500 
95 4975 6600 
96 4975 6700 
97 4975 6800 
98 4975 6900 
99 4975 7000 
100 4975 7100 
101 4975 7200 
102 12525 6500 
103 12525 6700 
104 12525 6600 
105 12525 6800 
106 12525 6900 
107 12525 7000 
108 12525 7100 
109 12525 7200 
110 12625 6500 
111 12625 6600 
112 12625 6700 
113 12625 6800 
114 12625 6900 
115 12625 7000 
116 12625 7100 
117 12625 7200 
118 12625 8450 
119 12625 8550 
120 12625 8650 
121 12625 8750 
122 12625 8850 
123 12625 8950 
124 12625 9050 
125 12525 8450 
126 12525 8650 
127 12525 8550 
128 12525 8750 
129 12525 8950 
130 12525 8850 
131 12525 9050 
132 10075 8800 
133 9975 8800 
134 9875 8800 
135 9775 8800 
136 4975 8450 
137 4975 8550 
138 4975 8650 
139 4975 8750 
140 4975 8850 
141 4975 8950 
142 4975 9050 
143 4875 8450 
144 4875 8650 
145 4875 8550 
146 4875 8750 
147 4875 8950 
148 4875 8850 
149 4875 9050 
150 2425 8800 
151 2325 8800 
152 2225 8800 
153 2125 8800 
154 1875 11850 
155 1975 11850 
156 2075 11850 
157 2425 11850 
158 2525 11850 
159 2625 11850 
160 2725 11850 
161 2825 11850 
162 2925 11850 
163 3025 11850 
164 3125 11850 
165 3375 11850 
166 3475 11850 
167 3575 11850 
168 3675 11850 
169 3775 11850 
170 4075 11850 
171 4175 11850 
172 4275 11850 
173 4375 11850 
174 4475 11850 
175 4575 11850 
176 4675 11850 
177 4775 11850 
178 4875 11850 
179 4975 11850 
180 5375 11850 
181 5475 11850 
182 5575 11850 
183 5675 11850 
184 5775 11850 
185 5875 11850 
186 5975 11850 
187 6075 11850 
188 6175 11850 
189 6275 11850 
190 9525 11850 
191 9625 11850 
192 9725 11850 
193 10075 11850 
194 10175 11850 
195 10275 11850 
196 10375 11850 
197 10475 11850 
198 10575 11850 
199 10675 11850 
200 10775 11850 
201 11025 11850 
202 11125 11850 
203 11225 11850 
204 11325 11850 
205 11425 11850 
206 11725 11850 
207 11825 11850 
208 11925 11850 
209 12025 11850 
210 12125 11850 
211 12225 11850 
212 12325 11850 
213 12425 11850 
214 12525 11850 
215 12625 11850 
216 13025 11850 
217 13125 11850 
218 13225 11850 
219 13325 11850 
220 13425 11850 
221 13525 11850 
222 13625 11850 
223 13725 11850 
224 13825 11850 
225 13925 11850 
